1 1 1
  0  0  10000  16000  13000  17000  31000  37500  30000  38000  50000  0
  145000  0  220000  0  79000  127500  75500  125000  53500  57000  41000  47000
  38800  220000  50500  145000  27000  50000  19600  29000  20200  25000  28000  39300
  19000  23000  15000  22000  40000  67000  38200  63000  0  0  0  500
  0  400  100  200  100  300  0  0  100  0  700  0
  200  100  100  100  0  100  0  100  100  1000  100  600
  0  0  0  0  0  200  100  500  100  300  0  300
  0  100  0  100  200  200  200  100  100  100  100  100
  100  100  100  100  -1500  2500  5000  6000  -25000  -10000  -1000  3000
  100  -15000  -5000  -500  2000  0  0  0  0  0  0  0
  0  0  0  0  0  0  0  0  0  0  0  0
  0  0  0  0  0  0  0  0  0  0  0  0
  0  0  0  0  0  0  0  0  0  0  0  0
  0  0  0  0  0  0  0  0  0  0  0  0
  0  0  0  0  0  0  0  0  0  0  0  0
  0  0  0  0  0  0  0  0  0  0  0  0
  0  0  0  0  0  0  0  0  0  0  0  0
  0  0  0  0  0  0  0  0  0  0  0  0
  0  0  0  0  0  0  0  0  0  0  0  0
  0  0  0  0  0  0  0  0  0  0  0  0
  0  0  0  0  0  0  0  0  0  0  0  0
  0  0  0  0  0  0  0  0  0  0  0  0
  0  0  0  0  0  0  0  0  0  0  0  0
  0  0  0  0  0  0  0  0  0  0  0  0
  0  0  0  0  0  0  0  0  0  0  0  0
  0  0  0  0  0  0  0  0  0  0  0  0
  0  0  0  0  0  0  0  0  0  0  0  0
  0  0  0  0  0  0  0  0  0  0  0  0
  0  0  0  0  0  0  0  0  0  0  0  0
  0  0  0  0  0  0  0  0  0  0  0  0
  0  0  0  0  0  0  0  0  0  0  0  0
  0  0  0  0  0  0  0  0  0  0  0  0
  0  0  0  0  0  0  0  0  0  0  0  0
  0  0  0  0  0  0  0  0  0  0  0  0
  0  0  0  0  0  0  0  0  0  0  0  0
  0  0  0  0  0  0  0  0  0  0  0  0
  0  0  0  0  0  0  0  0  0  0  0  0
  0  0  0  0  0  4000  0  0  0  2500  0  0
  0  0  0  0  4000  -500  -500  -500  -500  -500  -500  -500
  -500  -500  -500  -500  -500  -1000  -1000  -1000  -1000  -1000  -1000  -1000
  -1000  -1000  -1000  -1000  -1000  0  0  0  0  0  0  0
  0  0  0  0  0  0  0  0  0  0  0  0
  0  0  0  0  0  0  0  0  0  0  0  0
  0  0  0  0  0  0  0  0  0  0  0  0
  0  0  0  0  0  0  0  0  0  0  0  0
  0  0  0  0  0  0  0  0  0  0  0  0
  0  0  0  0  0  0  0  0  0  0  0  0
  0  0  0  0  0  0  0  0  0  0  0  0
  0  0  0  0  0  0  0  0  0  0  0  0
  0  0  0  0  0  0  0  0  0  0  0  0
  0  0  0  0  0  0  0  0  0  0  0  0
  0  0  0  0  0  0  0  0  0  0  0  0
  0  0  0  0  0  0  0  0  0  0  0  0
  0  0  0  0  0  0  0  0  0  0  0  0
  0  0  0  0  0  0  0  0  0  0  0  0
  0  0  0  0  0  0  0  0  0  0  0  0
  0  0  0  0  0  0  0  0  0  0  0  0
  0  0  0  0  0  0  0  0  0  0  0  0
  0  0  0  0  0  0  0  0  0  0  0  0
  0  0  0  0  0  0  0  0  0  0  0  0
  0  0  0  0  0  0  0  0  0  0  0  0
  0  0  0  0  0  0  0  0  0  0  0  0
  0  0  0  0  0  0  0  0  0  0  0  0
  0  0  0  0  0  0  0  0  0  0  0  0
  0  0  0  0  0  0  0  0  0  0  0  0
  0  0  0  0  0  0  0  0  0  0  0  0
  0  0  0  0  0  0  0  0  0  0  0  0
  0  0  0  0  0  0  0  0  0  0  0  0
  0  0  0  0  0  0  0  0  0  0  0  0
  0  0  0  0  0  0  0  0  0  0  0  0
  0  0  0  0  0  0  0  0  0  0  0  0
  0  0  0  0  0  0  0  0  0  0  0  0
  0  0  0  0  0  0  0  0  0  0  0  0
  0  0  0  0  0  0  0  0  0  0  0  0
  0  0  0  0  0  0  0  0  0  0  0  0
  0  0  0  0  0  0  0  0  0  0  0  0
  0  0  0  0  0  0  0  0  0  0  0  0
  0  0  0  0  0  0  0  0  0  0  0  0
  0  0  0  0  0  0  0  0  0  0  0  0
  0  0  0  0  0  0  0  0  0  0  0  0
  0  0  0  0  0  0  0  0  0  0  0  0
  0  0  0  0  0  0  0  0  0  0  0  0
  0  0  0  0  0  0  0  0  0  0  0  0
  0  0  0  0  0  0  0  0  0  0  0  0
  0  0  0  0  0  0  0  0  0  0  0  0
  0  0  0  0  0  0  0  0  0  0  0  0
  0  0  0  0  0  0  0  0  0  0  0  0
  0  0  0  0  0  0  0  0  0  0  0  0
  0  0  0  0  0  0  0  0  0  0  0  0
  0  0  0  0  0  0  0  0  0  0  0  0
  0  0  0  0  0  0  0  0  0  0  0  0
  0  0  0  0  0  0  0  0  0  0  0  0
  0  0  0  0  0  0  0  0  0  0  0  0
  0  0  0  0  0  0  0  0  0  0  0  0
  0  0  0  0  0  0  0  0  0  0  0  0
  0  0  0  0  0  0  0  0  0  0  0  0
  0  0  0  0  0  0  0  0  0  0  0  0
  0  0  0  0  0  0  0  0  0  0  0  0
  0  0  0  0  0  0  0  0  0  0  0  0
  0  0  0  0  0  0  0  0  0  0  0  0
  0  0  0  0  0  0  0  0  0  0  0  0
  0  0  0  0  0  0  0  0  0  0  0  0
  0  0  0  0  0  0  0  0  0  0  0  0
  0  0  0  0  0  0  0  0  0  0  0  0
  0  0  0  0  0  0  0  0  0  0  0  0
  0  0  0  0  0  0  0  0  0  0  0  0
  0  0  0  0  0  0  0  0  0  0  0  0
  0  0  0  0  0  0  0  0  0  0  0  0
  0  0  0  0  0  0  0  0  0  0  0  0
  0  0  0  0  0  0  0  0  0  0  0  0
  0  0  0  0  0  0  0  0  0  0  0  0
  0  0  0  0  0  0  0  0  0  0  0  0
  0  0  0  0  0  0  0  0  0  0  0  0
  0  0  0  0  0  0  0  0  0  0  0  0
  0  0  0  0  0  0  0  0  0  0  0  0
  0  0  0  0  0  0  0  0  0  0  0  0
  0  0  0  0  0  0  0  0  0  0  0  0
  0  0  0  0  0  0  0  0  0  0  0  0
  0  0  0  0  0  0  0  0  0  0  0  0
  0  0  0  0  0  0  0  0  0  0  0  0
  0  0  0  0  0  0  0  0  0  0  0  0
  0  0  0  0  0  0  0  0  0  0  0  0
  0  0  0  0  0  0  0  0  0  0  0  0
  0  0  0  0  0  0  0  0  0  0  0  0
  0  0  0  0  0  0  0  0  0  0  0  0
  0  0  0  0  0  0  0  0  0  0  0  0
  0  0  0  0  0  0  0  0  0  0  0  0
  0  0  0  0  0  0  0  0  0  0  0  0
  0  0  0  0  0  0  0  0  0  0  0  0
  0  0  0  0  0  -1500  -700  -300  -100  200  2500  1500
  200  -100  -300  -700  -1500  -5000  -5000  -5000  -5000  -5000  -5000  -5000
  -5000  -5000  -5000  -5000  -5000  -5000  -5000  -5000  -5000  -5000  -5000  -5000
  -5000  -5000  -5000  -5000  -5000  -5000  -5000  -5000  -5000  -5000  -5000  -5000
  -5000  -5000  -5000  -5000  -5000  -5000  -5000  -5000  -5000  -5000  -5000  -5000
  -5000  -5000  -5000  -5000  -5000  -5000  -5000  -5000  -5000  -5000  -5000  -5000
  -5000  -5000  -5000  -5000  -5000  -5000  -5000  -5000  -5000  -5000  -5000  -5000
  -5000  -5000  -5000  -5000  -5000  -5000  -5000  -5000  -5000  -5000  -5000  -5000
  -5000  -5000  -5000  -5000  -5000  -5000  -5000  -5000  -5000  -5000  -5000  -5000
  -5000  -5000  -5000  -5000  -5000  -5000  -5000  -5000  -5000  -5000  -5000  -5000
  -5000  -5000  -5000  -5000  -5000  -5000  -5000  -5000  -5000  -5000  -5000  -5000
  -5000  -5000  -5000  -5000  -5000  -5000  -5000  -5000  -5000  -5000  -5000  -5000
  -5000  -5000  -5000  -5000  -5000  0  0  0  0  0  0  0
  0  0  0  0  0  0  0  0  0  0  0  0
  0  0  0  0  0  0  0  0  0  0  0  0
  0  0  0  0  0  0  0  0  0  0  0  0
  0  0  0  0  0  0  0  0  0  0  0  0
  0  0  0  0  0  0  0  0  0  0  0  0
  0  0  0  0  0  0  0  0  0  0  0  0
  0  0  0  0  0  0  0  0  0  0  0  0
  0  0  0  0  0  0  0  0  0  0  0  0
  0  0  0  0  0  0  0  0  0  0  0  0
  0  0  0  0  0  0  0  0  0  0  0  0
  0  0  0  0  0  0  0  0  0  0  0  0
  0  0  0  0  0  3000  3000  3000  3000  3000  3000  3000
  3000  3000  3000  3000  3000  800  800  800  800  800  800  800
  800  800  800  800  800  0  0  0  0  0  0  0
  0  0  0  0  0  0  0  0  0  0  0  0
  0  0  0  0  0  -1000  -1000  -1000  -1000  -1000  -1000  -1000
  -1000  -1000  -1000  -1000  -1000  -1000  -1000  -1000  -1000  -1000  -1000  -1000
  -1000  -1000  -1000  -1000  -1000  -1000  -1000  -1000  -1000  -1000  -1000  -1000
  -1000  -1000  -1000  -1000  -1000  -1000  -1000  -1000  -1000  -1000  -1000  -1000
  -1000  -1000  -1000  -1000  -1000  -1000  -1000  -1000  -1000  -1000  -1000  -1000
  -1000  -1000  -1000  -1000  -1000  -1000  -1000  -1000  -1000  -1000  -1000  -1000
  -1000  -1000  -1000  -1000  -1000  -1000  -1000  -1000  -1000  -1000  -1000  -1000
  -1000  -1000  -1000  -1000  -1000  -1000  -1000  -1000  -1000  -1000  -1000  -1000
  -1000  -1000  -1000  -1000  -1000  0  0  0  0  0  0  0
  0  0  0  0  0  0  0  0  0  0  0  0
  0  0  0  0  0  0  0  0  0  0  0  0
  0  0  0  0  0  0  0  0  0  0  0  0
  0  0  0  0  0  0  0  0  0  0  0  0
  0  0  0  0  0  0  0  0  0  0  0  0
  0  0  0  0  0  0  0  0  0  0  0  0
  0  0  0  0  0  0  0  0  0  0  0  0
  0  0  0  0  0  0  0  0  0  0  0  0
  0  0  0  0  0  0  0  0  0  0  0  0
  0  0  0  0  0  0  0  0  0  0  0  0
  0  0  0  0  0  0  0  0  0  0  0  0
  0  0  0  0  0  11700  14200  16700  19200  19200  19200  19200
  19200  19200  16700  14200  11700  11900  14400  16900  19400  19400  19400  19400
  19400  19400  16900  14400  11900  12100  14600  17100  19600  19600  19600  19600
  19600  19600  17100  14600  12100  12300  14800  17300  19800  19800  19800  19800
  19800  19800  17300  14800  12300  12500  15000  17500  20000  20000  20000  20000
  20000  20000  17500  15000  12500  12500  15000  17500  20000  20000  20000  20000
  20000  20000  17500  15000  12500  12500  15000  17500  20000  20000  20000  20000
  20000  20000  17500  15000  12500  12500  15000  17500  20000  20000  20000  20000
  20000  20000  17500  15000  12500  12500  15000  17500  20000  20000  20000  20000
  20000  20000  17500  15000  12500  1500  4000  6500  19000  19000  19000  19000
  19000  19000  6500  4000  1500  -7000  -2000  5500  18000  18000  18000  18000
  18000  18000  5500  -2000  -7000  -10500  -5500  4500  17000  17000  17000  17000
  17000  17000  4500  -5500  -10500  0  0  0  0  0  0  0
  0  0  0  0  0  0  0  0  0  0  0  0
  0  0  0  0  0  0  0  0  0  0  0  0
  0  0  0  0  0  0  0  0  0  0  0  0
  0  0  0  0  0  0  0  0  0  0  0  0
  0  0  0  0  0  0  0  0  0  0  0  0
  0  0  0  0  0  0  0  0  0  0  0  0
  0  0  0  0  0  0  0  0  0  0  0  0
  0  0  0  0  0  0  0  0  0  0  0  0
  0  0  0  0  0  0  0  0  0  0  0  0
  0  0  0  0  0  0  0  0  0  0  0  0
  0  0  0  0  0  0  0  0  0  0  0  0
  0  0  0  0  0  2000  2000  2000  2000  2000  2000  2000
  2000  2000  2000  2000  2000  2000  2000  2000  2000  2000  2000  2000
  2000  2000  2000  2000  2000  0  0  0  0  0  0  0
  0  0  0  0  0  0  0  0  0  0  0  0
  0  0  0  0  0  0  0  0  0  0  0  0
  0  0  0  0  0  0  0  0  0  0  0  0
  0  0  0  0  0  0  0  0  0  0  0  0
  0  0  0  0  0  0  0  0  0  0  0  0
  0  0  0  0  0  0  0  0  0  0  0  0
  0  0  0  0  0  0  0  0  0  0  0  0
  0  0  0  0  0  0  0  0  0  0  0  0
  0  0  0  0  0  0  0  0  0  0  0  0
  0  0  0  0  0  0  0  0  0  0  0  0
  0  0  0  0  0  0  0  0  0  0  0  0
  0  0  0  0  0  0  0  0  0  0  0  0
  0  0  0  0  0  0  0  0  0  0  0  0
  0  0  0  0  0  0  0  0  0  0  0  0
  0  0  0  0  0  0  0  0  0  0  0  0
  0  0  0  0  0  0  0  0  0  0  0  0
  0  0  0  0  0  0  0  0  0  0  0  0
  0  0  0  0  0  0  0  0  0  0  0  0
  0  0  0  0  0  0  0  0  0  0  0  0
  0  0  0  0  0  0  0  0  0  0  0  0
  0  0  0  0  0  0  0  0  0  0  0  0
  0  0  0  0  0  0  0  0  0  0  0  0
  0  0  0  0  0  0  0  0  0  0  0  0
  0  0  0  0  0  0  0  0  0  0  0  0
  0  0  0  0  0  0  0  0  0  0  0  0
  0  0  0  0  0  0  0  0  0  0  0  0
  0  0  0  0  0  0  0  0  0  0  0  0
  0  0  0  0  0  0  0  0  0  0  0  0
  0  0  0  0  0  0  0  0  0  0  0  0
  0  0  0  0  0  0  0  0  0  0  0  0
  0  0  0  0  0  0  0  0  0  0  0  0
  0  0  0  0  0  0  0  0  0  0  0  0
  0  0  0  0  0  0  0  0  0  0  0  0
  0  0  0  0  0  0  0  0  0  0  0  0
  0  0  0  0  0  0  0  0  0  0  0  0
  0  0  0  0  0  0  0  0  0  0  0  0
  0  0  0  0  0  0  0  0  0  0  0  0
  0  0  0  0  0  0  0  0  0  0  0  0
  0  0  0  0  0  0  0  0  0  0  0  0
  0  0  0  0  0  0  0  0  0  0  0  0
  0  0  0  0  0  0  0  0  0  0  0  0
  0  0  0  0  0  0  0  0  0  0  0  0
  0  0  0  0  0  0  0  0  0  0  0  0
  0  0  0  0  0  0  0  0  0  0  0  0
  0  0  0  0  0  0  0  0  0  0  0  0
  0  0  0  0  0  0  0  0  0  0  0  0
  0  0  0  0  0  0  0  0  0  0  0  0
  0  0  0  0  0  0  0  0  0  0  0  0
  0  0  0  0  0  0  0  0  0  0  0  0
  0  0  0  0  0  0  0  0  0  0  0  0
  0  0  0  0  0  0  0  0  0  0  0  0
  0  0  0  0  0  0  0  0  0  0  0  0
  0  0  0  0  0  0  0  0  0  0  0  0
  0  0  0  0  0  0  0  0  0  0  0  0
  0  0  0  0  0  0  0  0  0  0  0  0
  0  0  0  0  0  0  0  0  0  0  0  0
  0  0  0  0  0  0  0  0  0  0  0  0
  0  0  0  0  0  0  0  0  0  0  0  0
  0  0  0  0  0  0  0  0  0  0  0  0
  0  0  0  0  0  0  0  0  0  0  0  0
  0  0  0  0  0  0  0  0  0  0  0  0
  0  0  0  0  0  0  0  0  0  0  0  0
  0  0  0  0  0  0  0  0  0  0  0  0
  0  0  0  0  0  0  0  0  0  0  0  0
  0  0  0  0  0  0  0  0  0  0  0  0
  0  0  0  0  0  0  0  0  0  0  0  0
  0  0  0  0  0  0  0  0  0  0  0  0
  0  0  0  0  0  0  0  0  0  0  0  0
  0  0  0  0  0  0  0  0  0  0  0  0
  0  0  0  0  0  1000  1000  1000  1000  1000  1000  1000
  1000  1000  1000  1000  1000  1500  1500  1500  1500  1500  1500  1500
  1500  1500  1500  1500  1500  0  0  0  0  0  0  0
  0  0  0  0  0  0  0  0  0  0  0  0
  0  0  0  0  0  0  0  0  0  0  0  0
  0  0  0  0  0  0  0  0  0  0  0  0
  0  0  0  0  0  0  0  0  0  0  0  0
  0  0  0  0  0  0  0  0  0  0  0  0
  0  0  0  0  0  0  0  0  0  0  0  0
  0  0  0  0  0  0  0  0  0  0  0  0
  0  0  0  0  0  0  0  0  0  0  0  0
  0  0  0  0  0  0  0  0  0  0  0  0
  0  0  0  0  0  0  0  0  0  0  0  0
  0  0  0  0  0  0  0  0  0  0  0  0
  0  0  0  0  0  0  0  0  0  0  0  0
  0  0  0  0  0  0  0  0  0  0  0  0
  0  0  0  0  0  0  0  0  0  0  0  0
  0  0  0  0  0  0  0  0  0  0  0  0
  0  0  0  0  0  0  0  0  0  0  0  0
  0  0  0  0  0  0  0  0  0  0  0  0
  0  0  0  0  0  0  0  0  0  0  0  0
  0  0  0  0  0  0  0  0  0  0  0  0
  0  0  0  0  0  0  0  0  0  0  0  0
  0  0  0  0  0  0  0  0  0  0  0  0
  0  0  0  0  0  0  0  0  0  0  0  0
  0  0  0  0  0  0  0  0  0  0  0  0
  0  0  0  0  0  0  0  0  0  0  0  0
  0  0  0  0  0  0  0  0  0  0  0  0
  0  0  0  0  0  0  0  0  0  0  0  0
  0  0  0  0  0  0  0  0  0  0  0  0
  0  0  0  0  0  0  0  0  0  0  0  0
  0  0  0  0  0  0  0  0  0  0  0  0
  0  0  0  0  0  0  0  0  0  0  0  0
  0  0  0  0  0  0  0  0  0  0  0  0
  0  0  0  0  0  0  0  0  0  0  0  0
  0  0  0  0  0  0  0  0  0  0  0  0
  0  0  0  0  0  0  0  0  0  0  0  0
  0  0  0  0  0  0  0  0  0  0  0  0
  0  0  0  0  0  0  0  0  0  0  0  0
  0  0  0  0  0  0  0  0  0  0  0  0
  0  0  0  0  0  0  0  0  0  0  0  0
  0  0  0  0  0  0  0  0  0  0  0  0
  0  0  0  0  0  0  0  0  0  0  0  0
  0  0  0  0  0  0  0  0  0  0  0  0
  0  0  0  0  0  0  0  0  0  0  0  0
  0  0  0  0  0  0  0  0  0  0  0  0
  0  0  0  0  0  0  0  0  0  0  0  0
  0  0  0  0  0  0  0  0  0  0  0  0
  0  0  0  0  0  0  0  0  0  0  0  0
  0  0  0  0  0  0  0  0  0  0  0  0
  0  0  0  0  0  0  0  0  0  0  0  0
  0  0  0  0  0  0  0  0  0  5000  0  0
  0  0  0  0  0  0  0  0  0  0  0  0
  0  0  0  0  0  0  0  0  0  0  0  0
  0  0  0  0  0  0  0  0  0  0  0  0
  0  0  0  0  0  0  0  0  0  0  0  0
  0  0  0  0  0  0  0  0  0  0  0  0
  0  0  0  0  0  0  0  0  0  0  0  0
  0  0  0  0  0  0  0  0  0  0  0  0
  0  0  0  0  0  0  0  0  0  0  0  0
  0  0  0  0  0  0  0  0  0  0  0  0
  0  0  0  0  0  0  0  0  0  0  0  0
  0  0  0  0  0  0  0  0  0  0  0  0
  0  0  0  0  0  0  0  0  0  0  0  0
  0  0  0  0  0  0  0  0  0  0  0  0
  0  0  0  0  0  0  0  0  0  0  0  0
  0  0  0  0  0  0  0  0  0  0  0  0
  0  0  0  0  0  0  0  0  0  0  0  0
  0  0  0  0  0  0  0  0  0  0  0  0
  0  0  0  0  0  0  0  0  0  0  0  0
  0  0  0  0  0  0  0  0  0  0  0  0
  0  0  0  0  0  0  0  0  0  0  0  0
  0  0  0  0  0  0  0  0  0  0  0  500
  0  0  0  0  0  0  0  0  0  0  1500  500
  0  0  0  0  0  0  0  0  0  0  0  0
  0  0  0  0  0  0  0  0  0  0  0  0
  0  0  0  0  0  0  0  0  0  0  0  0
  0  0  0  0  0  0  0  0  0  0  0  0
  0  0  0  0  0  0  0  0  0  0  0  0
  0  0  0  0  0  0  0  0  0  0  0  0
  0  0  0  0  0  0  0  0  0  0  0  0
  0  0  0  0  0  0  0  0  0  0  0  0
  0  0  0  0  0  0  0  0  0  0  0  0
  0  0  0  0  0  0  0  0  0  0  0  0
  0  0  0  0  0  0  0  0  0  0  0  0
  0  0  0  0  0  0  0  0  0  0  0  0
  0  0  0  0  0  0  0  0  0  0  0  0
  0  0  0  0  0  0  0  0  0  0  0  0
  0  0  0  0  0  0  0  0  0  0  0  0
  0  0  0  0  0  0  0  0  0  0  0  0
  0  0  0  0  0  0  0  0  0  0  0  0
  0  0  0  0  0  0  0  0  0  0  0  0
  0  0  0  0  0  0  0  0  0  0  0  0
  0  0  0  0  0  0  0  0  0  0  0  0
  0  0  0  0  0  0  0  0  0  0  0  0
  0  0  0  0  0  0  0  0  0  0  0  0
  0  0  0  0  0  0  0  0  0  1500  0  1500
  0  0  0  0  0  0  0  0  0  0  0  0
  0  0  0  0  0  0  0  0  0  0  0  0
  0  0  0  0  0  0  0  0  0  0  0  0
  0  0  0  0  0  0  0  0  0  0  0  0
  0  0  0  0  0  0  0  0  0  0  0  0
  0  0  0  0  0  0  0  0  0  0  0  0
  0  0  0  0  0  0  0  0  0  0  0  0
  0  0  0  0  0  0  0  0  0  0  0  0
  0  0  0  0  0  0  0  0  0  0  0  0
  0  0  0  0  0  0  0  0  0  0  0  0
  0  0  0  0  0  0  0  0  0  0  0  0
  0  0  0  0  0  0  0  0  0  0  0  0
  0  0  0  0  0  0  0  0  0  0  0  0
  0  0  0  0  0  0  0  0  0  0  0  0
  0  0  0  0  0  0  0  0  0  0  0  0
  0  0  0  0  0  0  0  0  0  0  0  0
  0  0  0  0  0  0  0  0  0  0  0  0
  0  0  0  0  0  0  0  0  0  0  0  0
  0  0  0  0  0  0  0  0  0  0  0  0
  0  0  0  0  0  0  0  0  0  0  0  0
  0  0  0  0  0  0  0  0  0  0  0  0
  0  0  0  0  0  0  0  0  0  0  0  0
  0  0  0  0  0  0  0  0  0  0  0  0
  0  0  0  0  0  0  0  0  0  0  0  0
  0  0  0  0  0  0  0  0  0  0  0  0
  0  0  0  0  0  0  0  0  0  0  0  0
  0  0  0  0  0  0  0  0  0  0  0  0
  0  0  0  0  0  0  0  0  0  0  0  0
  0  0  0  0  0  0  0  0  0  0  0  0
  0  0  0  0  0  0  0  0  0  0  0  0
  0  0  0  0  0  0  0  0  0  0  0  0
  0  0  0  0  0  0  0  0  0  0  0  0
  0  0  0  0  0  0  0  0  0  0  0  0
  0  0  0  0  0  0  0  0  0  0  0  0
  0  0  0  0  0  0  0  0  0  0  0  0
  0  0  0  0  0  0  0  0  0  0  0  0
  0  0  0  0  0  0  0  0  0  0  0  0
  0  0  0  0  0  0  0  0  0  0  0  0
  0  0  0  0  0  0  0  0  0  0  0  0
  0  0  0  0  0  0  0  0  0  0  0  0
  0  0  0  0  0  0  0  0  0  0  0  0
  0  0  0  0  0  0  0  0  0  0  0  0
  0  0  0  0  0  0  0  0  0  0  0  0
  0  0  0  0  0  0  0  0  0  0  0  0
  0  0  0  0  0  0  0  0  0  0  0  0
  0  0  0  0  0  0  0  0  0  0  0  0
  0  0  0  0  0  0  0  0  0  0  0  0
  0  0  0  0  0  0  0  0  0  0  0  0
  0  0  0  0  0  0  0  0  0  0  0  0
  0  0  0  0  0  0  0  0  0  0  0  0
  0  0  0  0  0  0  0  0  0  0  0  0
  0  0  0  0  0  0  0  0  0  0  0  0
  0  0  0  0  0  0  0  0  0  0  0  0
  0  0  0  0  0  0  0  0  0  0  0  0
  0  0  0  0  0  0  0  0  0  0  0  0
  0  0  0  0  0  0  0  0  0  0  0  0
  0  0  0  0  0  0  0  0  0  0  0  0
  0  0  0  0  0  0  0  0  0  0  0  0
  0  0  0  0  0  0  0  0  0  0  0  0
  0  0  0  0  0  0  0  0  0  0  0  0
  0  0  0  0  0  0  0  0  0  0  0  0
  0  0  0  0  0  0  0  0  0  0  0  0
  0  0  0  0  0  0  0  0  0  0  0  0
  0  0  0  0  0  0  0  0  0  0  0  0
  0  0  0  0  0  0  0  0  0  0  0  0
  0  0  0  0  0  0  0  0  0  0  0  0
  0  0  0  0  0  0  0  0  0  0  0  0
  0  0  0  0  0  0  0  0  0  0  0  0
  0  0  0  0  0  0  0  0  0  0  0  0
  0  0  0  0  0  0  0  0  0  0  0  0
  0  0  0  0  0  0  0  0  0  0  0  0
  0  0  0  0  0  -500  -400  -300  -200  -100  0  0
  -100  -200  -300  -400  -500  -500  -400  -300  -200  -100  0  0
  -100  -200  -300  -400  -500  -500  -400  -300  -200  -100  0  0
  -100  -200  -300  -400  -500  -500  -400  -300  -200  -100  0  0
  -100  -200  -300  -400  -500  -500  -400  -300  -200  -100  0  0
  -100  -200  -300  -400  -500  -500  -400  -300  -200  -100  0  0
  -100  -200  -300  -400  -500  -500  -400  -300  -200  -100  0  0
  -100  -200  -300  -400  -500  -500  -400  -300  -200  -100  0  0
  -100  -200  -300  -400  -500  -500  -400  -300  -200  -100  0  0
  -100  -200  -300  -400  -500  -500  -400  -300  -200  -100  0  0
  -100  -200  -300  -400  -500  -500  -400  -300  -200  -100  0  0
  -100  -200  -300  -400  -500  -500  -400  -300  -200  -100  0  0
  -100  -200  -300  -400  -500  0  0  0  0  0  0  0
  0  0  0  0  0  0  0  0  0  0  0  0
  0  0  0  0  0  0  0  0  0  0  0  0
  0  0  0  0  0  0  0  0  0  0  0  0
  0  0  0  0  0  0  0  0  0  0  0  0
  0  0  0  0  0  0  0  0  0  0  0  0
  0  0  0  0  0  0  0  0  0  0  0  0
  0  0  0  0  0  0  0  0  0  0  0  0
  0  0  0  0  0  0  0  0  0  0  0  0
  0  0  0  0  0  0  0  0  0  0  0  0
  0  0  0  0  0  0  0  0  0  0  0  0
  0  0  0  0  0  0  0  0  0  0  0  0
  0  0  0  0  0  -500  -400  -300  -200  -100  0  0
  -100  -200  -300  -400  -500  -500  -400  -300  -200  -100  0  0
  -100  -200  -300  -400  -500  -500  -400  -300  -200  -100  0  0
  -100  -200  -300  -400  -500  -500  -400  -300  -200  -100  0  0
  -100  -200  -300  -400  -500  -500  -400  -300  -200  -100  0  0
  -100  -200  -300  -400  -500  -500  -400  -300  -200  -100  0  0
  -100  -200  -300  -400  -500  -500  -400  -300  -200  -100  0  0
  -100  -200  -300  -400  -500  -500  -400  -300  -200  -100  0  0
  -100  -200  -300  -400  -500  -500  -400  -300  -200  -100  0  0
  -100  -200  -300  -400  -500  -500  -400  -300  -200  -100  0  0
  -100  -200  -300  -400  -500  -500  -400  -300  -200  -100  0  0
  -100  -200  -300  -400  -500  -500  -400  -300  -200  -100  0  0
  -100  -200  -300  -400  -500  0  0  0  0  0  0  0
  0  0  0  0  0  0  0  0  0  0  0  0
  0  0  0  0  0  0  0  0  0  0  0  0
  0  0  0  0  0  0  0  0  0  0  0  0
  0  0  0  0  0  0  0  0  0  0  0  0
  0  0  0  0  0  0  0  0  0  0  0  0
  0  0  0  0  0  0  0  0  0  0  0  0
  0  0  0  0  0  0  0  0  0  0  0  0
  0  0  0  0  0  0  0  0  0  0  0  0
  0  0  0  0  0  0  0  0  0  0  0  0
  0  0  0  0  0  0  0  0  0  0  0  0
  0  0  0  0  0  0  0  0  0  0  0  0
  0  0  0  0  0  0  0  0  0  0  0  0
  0  0  0  0  0  0  0  0  0  0  0  0
  0  0  0  0  0  0  0  0  0  0  0  0
  0  0  0  0  0  0  0  0  0  0  0  0
  0  0  0  0  0  0  0  0  0  0  0  0
  0  0  0  0  0  0  0  0  0  0  0  0
  0  0  0  0  0  0  0  0  0  0  0  0
  0  0  0  0  0  0  0  0  0  0  0  0
  0  0  0  0  0  0  0  0  0  0  0  0
  0  0  0  0  0  0  0  0  0  0  0  0
  0  0  0  0  0  0  0  0  0  0  0  0
  0  0  0  0  0  0  0  0  0  0  0  0
  0  0  0  0  0  0  0  0  0  0  0  0
  0  0  0  0  0  0  0  0  0  0  0  0
  0  0  0  0  0  0  0  0  0  0  0  0
  0  0  0  0  0  0  0  0  0  0  0  0
  0  0  0  0  0  0  0  0  0  0  0  0
  0  0  0  0  0  0  0  0  0  0  0  0
  0  0  0  0  0  0  0  0  0  0  0  0
  0  0  0  0  0  0  0  0  0  0  0  0
  0  0  0  0  0  0  0  0  0  0  0  0
  0  0  0  0  0  0  0  0  0  0  0  0
  0  0  0  0  0  0  0  0  0  0  0  0
  0  0  0  0  0  0  0  0  0  0  0  0
  0  0  0  0  0  0  0  0  0  0  0  0
  0  0  0  0  0  0  0  0  0  0  0  0
  0  0  0  0  0  -2000  0  0  0  0  0  0
  0  0  0  0  -2000  4000  0  0  0  0  0  0
  0  0  0  0  4000  0  0  0  0  0  0  0
  0  0  0  0  0  0  0  0  0  0  0  0
  0  0  0  0  0  0  0  0  0  0  0  0
  0  0  0  0  0  0  0  0  0  0  0  0
  0  0  0  0  0  0  0  0  0  0  0  0
  0  0  0  0  0  0  0  0  0  0  0  0
  0  0  0  0  0  0  0  0  0  0  0  0
  0  0  0  0  0  0  0  0  0  0  0  0
  0  0  0  0  0  0  0  0  0  0  0  0
  0  0  0  0  0  0  0  0  0  0  0  0
  0  0  0  0  0  0  0  0  0  0  0  0
  0  0  0  0  0  0  0  0  0  0  0  0
  0  0  0  0  0  0  0  0  0  0  0  0
  0  0  0  0  0  0  0  0  0  0  0  0
  0  0  0  0  0  0  0  0  0  0  0  0
  0  0  0  0  0  0  0  0  0  0  0  0
  0  0  0  0  0  0  0  0  0  0  0  0
  0  0  0  0  0  0  0  0  0  0  0  0
  0  0  0  0  0  0  0  0  0  0  0  0
  0  0  0  0  0  0  0  0  0  0  0  0
  0  0  0  0  0  0  0  0  0  0  0  0
  0  0  0  0  0  0  0  0  0  0  0  0
  0  0  0  0  0  0  0  0  0  0  0  0
  0  0  0  0  0  0  0  0  0  0  0  0
  0  0  0  0  0  0  0  0  0  0  0  0
  0  0  0  0  0  0  0  0  0  0  0  0
  0  0  0  0  0  0  0  0  0  0  0  0
  0  0  0  0  0  0  0  0  0  0  0  0
  0  0  0  0  0  0  0  0  0  0  0  0
  0  0  0  0  0  0  0  0  0  0  0  0
  0  0  0  0  0  0  0  0  0  0  0  0
  0  0  0  0  0  0  0  0  0  0  0  0
  0  0  0  0  0  0  0  0  0  0  0  0
  0  0  0  0  0  0  0  0  0  0  0  0
  0  0  0  0  0  0  0  0  0  0  0  0
  0  0  0  0  0  0  0  0  0  0  0  0
  0  0  0  0  0  0  0  0  0  0  0  0
  0  0  0  0  0  0  0  0  0  0  0  0
  0  0  0  0  0  0  0  0  0  0  0  0
  0  0  0  0  0  0  0  0  0  0  0  0
  0  0  0  0  0  0  0  0  0  0  0  0
  0  0  0  0  0  0  0  0  0  0  0  0
  0  0  0  0  0  0  0  0  0  0  0  0
  0  0  0  0  0  0  0  0  0  0  0  0
  0  0  0  0  0  -4500  -2600  -2600  -2600  -2600  -2600  -2600
  -2600  -2600  -2600  -2600  -4500  -3200  -2000  -2000  -1900  -1900  -1900  -1900
  -1900  -1900  -2000  -2000  -3200  -1800  -1300  -1300  -1300  -1300  -1300  -1300
  -1300  -1300  -1300  -1300  -1800  -700  -700  -700  -600  -600  -600  -600
  -600  -600  -700  -700  -700  1800  0  0  0  900  0  0
  0  0  0  0  1800  1300  500  500  600  600  600  600
  600  600  500  500  1300  2200  1200  1200  1200  1200  1200  1200
  1200  1200  1200  1200  2200  3000  1800  1800  1900  1900  1900  1900
  1900  1900  1800  1800  3000  0  0  0  0  0  0  0
  0  0  0  0  0  0  0  0  0  0  0  0
  0  0  0  0  0  0  0  0  0  0  0  0
  0  0  0  0  0  0  0  0  0  0  0  0
  0  0  0  0  0  0  0  0  0  0  0  0
  0  0  0  0  0  0  0  0  0  0  0  0
  0  0  0  0  0  0  0  0  0  0  0  0
  0  0  0  0  0  0  0  0  0  0  0  0
  0  0  0  0  0  0  0  0  0  0  0  0
  0  0  0  0  0  0  0  0  0  0  0  0
  0  0  0  0  0  0  0  0  0  0  0  0
  0  0  0  0  0  0  0  0  0  0  0  0
  0  0  0  0  0  0  0  0  0  0  0  0
  0  0  0  0  0  0  0  0  0  0  0  0
  0  0  0  0  0  0  0  0  0  0  0  0
  0  0  0  0  0  0  0  0  0  0  0  0
  0  0  0  0  0  -1200  -1200  -1200  -1200  -1200  -1200  -1200
  -1200  -1200  -1200  -1200  -1200  -900  -900  -900  -900  -900  -900  -900
  -900  -900  -900  -900  -900  -600  -600  -600  -600  -600  -600  -600
  -600  -600  -600  -600  -600  -300  -300  -300  -300  -300  -300  -300
  -300  -300  -300  -300  -300  0  0  0  0  0  0  0
  0  0  0  0  0  200  200  200  200  200  200  200
  200  200  200  200  200  500  500  500  500  500  500  500
  500  500  500  500  500  800  800  800  800  800  800  800
  800  800  800  800  800  0  0  0  0  0  0  0
  0  0  0  0  0  0  0  0  0  0  0  0
  0  0  0  0  0  0  0  0  0  0  0  0
  0  0  0  0  0  0  0  0  0  0  0  0
  0  0  0  0  0  0  0  0  0  0  0  0
  0  0  0  0  0  0  0  0  0  0  0  0
  0  0  0  0  0  0  0  0  0  0  0  0
  0  0  0  0  0  0  0  0  0  0  0  0
  0  0  0  0  0  0  0  0  0  0  0  0
  0  0  0  0  0  0  0  0  0  0  0  0
  0  0  0  0  0  0  0  0  0  0  0  0
  0  0  0  0  0  0  0  0  0  0  0  0
  0  0  0  0  0  0  0  0  0  0  0  0
  0  0  0  0  0  0  0  0  0  0  0  0
  0  0  0  0  0  0  0  0  0  0  0  0
  0  0  0  0  0  0  0  0  0  0  0  0
  0  0  0  0  0  0  0  0  0  0  0  0
  0  0  0  0  0  0  0  0  0  0  0  0
  0  0  0  0  0  0  0  0  0  0  0  0
  0  0  0  0  0  0  0  0  0  0  0  0
  0  0  0  0  0  0  0  0  0  0  0  0
  0  0  0  0  0  0  0  0  0  0  0  0
  0  0  0  0  0  0  0  0  0  0  0  0
  0  0  0  0  0  0  0  0  0  0  0  0
  0  0  0  0  0  0  0  0  0  0  0  0
  0  0  0  0  0  0  0  0  0  0  0  0
  0  0  0  0  0  0  0  0  0  0  0  0
  0  0  0  0  0  0  0  0  0  0  0  0
  0  0  0  0  0  0  0  0  0  0  0  0
  0  0  0  0  0  0  0  0  0  0  0  0
  0  0  0  0  0  0  0  0  0  0  0  0
  0  0  0  0  0  0  0  0  0  0  0  0
  0  0  0  0  0  0  0  0  0  0  0  0
  0  0  0  0  0  0  0  0  0  0  0  0
  0  0  0  0  0  0  0  0  0  0  0  0
  0  0  0  0  0  0  0  0  0  0  0  0
  0  0  0  0  0  0  0  0  0  0  0  0
  0  0  0  0  0  0  0  0  0  0  0  0
  0  0  0  0  0  0  0  0  0  0  0  0
  0  0  0  0  0  0  0  0  0  0  0  0
  0  0  0  0  0  0  0  0  0  0  0  0
  0  0  0  0  0  0  0  0  0  0  0  0
  0  0  0  0  0  0  0  0  0  0  0  0
  0  0  0  0  0  0  0  0  0  0  0  0
  0  0  0  0  0  0  0  0  0  0  0  0
  0  0  0  0  0  0  0  0  0  0  0  0
  0  0  0  0  0  0  0  0  0  0  0  0
  0  0  0  0  0  0  0  0  0  0  0  0
  0  0  0  0  0  0  0  0  0  0  0  0
  0  0  0  0  0  0  0  0  0  0  0  0
  0  0  0  0  0  0  0  0  0  0  0  0
  0  0  0  0  0  0  0  0  0  0  0  0
  0  0  0  0  0  0  0  0  0  0  0  0
  0  0  0  0  0  0  0  0  0  0  0  0
  0  0  0  0  0  0  0  0  0  0  0  0
  0  0  0  0  0  0  0  0  0  0  0  0
  0  0  0  0  0  0  0  0  0  0  0  0
  0  0  0  0  0  0  0  0  0  0  0  0
  0  0  0  0  0  0  0  0  0  0  0  0
  0  0  0  0  0  0  0  0  0  0  0  0
  0  0  0  0  0  0  0  0  0  0  0  0
  0  0  0  0  0  0  0  0  0  0  0  0
  0  0  0  0  0  0  0  0  0  0  0  0
  0  0  0  0  0  0  0  0  0  0  0  0
  0  0  0  0  0  -1500  -700  -300  -100  200  2500  1500
  200  -100  -300  -700  -1500  -2000  -2000  -2000  -2000  -2000  -2000  -2000
  -2000  -2000  -2000  -2000  -2000  -2000  -2000  -2000  -2000  -2000  -2000  -2000
  -2000  -2000  -2000  -2000  -2000  -2000  -2000  -2000  -2000  -2000  -2000  -2000
  -2000  -2000  -2000  -2000  -2000  -2000  -2000  -2000  -2000  -2000  -2000  -2000
  -2000  -2000  -2000  -2000  -2000  -2000  -2000  -2000  -2000  -2000  -2000  -2000
  -2000  -2000  -2000  -2000  -2000  -2000  -2000  -2000  -2000  -2000  -2000  -2000
  -2000  -2000  -2000  -2000  -2000  -2000  -2000  -2000  -2000  -2000  -2000  -2000
  -2000  -2000  -2000  -2000  -2000  -2000  -2000  -2000  -2000  -2000  -2000  -2000
  -2000  -2000  -2000  -2000  -2000  -2000  -2000  -2000  -2000  -2000  -2000  -2000
  -2000  -2000  -2000  -2000  -2000  -2000  -2000  -2000  -2000  -2000  -2000  -2000
  -2000  -2000  -2000  -2000  -2000  -2000  -2000  -2000  -2000  -2000  -2000  -2000
  -2000  -2000  -2000  -2000  -2000  0  0  0  0  0  0  0
  0  0  0  0  0  0  0  0  0  0  0  0
  0  0  0  0  0  0  0  0  0  0  0  0
  0  0  0  0  0  0  0  0  0  0  0  0
  0  0  0  0  0  0  0  0  0  0  0  0
  0  0  0  0  0  0  0  0  0  0  0  0
  0  0  0  0  0  0  0  0  0  0  0  0
  0  0  0  0  0  0  0  0  0  0  0  0
  0  0  0  0  0  0  0  0  0  0  0  0
  0  0  0  0  0  0  0  0  0  0  0  0
  0  0  0  0  0  0  0  0  0  0  0  0
  0  0  0  0  0  0  0  0  0  0  0  0
  0  0  0  0  0  1500  1500  1500  1500  1500  1500  1500
  1500  1500  1500  1500  1500  400  400  400  400  400  400  400
  400  400  400  400  400  0  0  0  0  0  0  0
  0  0  0  0  0  0  0  0  0  0  0  0
  0  0  0  0  0  -500  -500  -500  -500  -500  -500  -500
  -500  -500  -500  -500  -500  -500  -500  -500  -500  -500  -500  -500
  -500  -500  -500  -500  -500  -500  -500  -500  -500  -500  -500  -500
  -500  -500  -500  -500  -500  -500  -500  -500  -500  -500  -500  -500
  -500  -500  -500  -500  -500  -500  -500  -500  -500  -500  -500  -500
  -500  -500  -500  -500  -500  -500  -500  -500  -500  -500  -500  -500
  -500  -500  -500  -500  -500  -500  -500  -500  -500  -500  -500  -500
  -500  -500  -500  -500  -500  -500  -500  -500  -500  -500  -500  -500
  -500  -500  -500  -500  -500  0  0  0  0  0  0  0
  0  0  0  0  0  0  0  0  0  0  0  0
  0  0  0  0  0  0  0  0  0  0  0  0
  0  0  0  0  0  0  0  0  0  0  0  0
  0  0  0  0  0  0  0  0  0  0  0  0
  0  0  0  0  0  0  0  0  0  0  0  0
  0  0  0  0  0  0  0  0  0  0  0  0
  0  0  0  0  0  0  0  0  0  0  0  0
  0  0  0  0  0  0  0  0  0  0  0  0
  0  0  0  0  0  0  0  0  0  0  0  0
  0  0  0  0  0  0  0  0  0  0  0  0
  0  0  0  0  0  0  0  0  0  0  0  0
  0  0  0  0  0  1200  2200  3200  4200  4200  4200  4200
  4200  4200  3200  2200  1200  1400  2400  3400  4400  4400  4400  4400
  4400  4400  3400  2400  1400  1600  2600  3600  4600  4600  4600  4600
  4600  4600  3600  2600  1600  1800  2800  3800  4800  4800  4800  4800
  4800  4800  3800  2800  1800  2000  3000  4000  5000  5000  5000  5000
  5000  5000  4000  3000  2000  2000  3000  4000  5000  5000  5000  5000
  5000  5000  4000  3000  2000  2000  3000  4000  5000  5000  5000  5000
  5000  5000  4000  3000  2000  2000  3000  4000  5000  5000  5000  5000
  5000  5000  4000  3000  2000  2000  3000  4000  5000  5000  5000  5000
  5000  5000  4000  3000  2000  -8500  -7500  -6500  4500  4500  4500  4500
  4500  4500  -6500  -7500  -8500  -16500  -13000  -7000  4000  4000  4000  4000
  4000  4000  -7000  -13000  -16500  -19500  -16000  -7500  3500  3500  3500  3500
  3500  3500  -7500  -16000  -19500  0  0  0  0  0  0  0
  0  0  0  0  0  0  0  0  0  0  0  0
  0  0  0  0  0  0  0  0  0  0  0  0
  0  0  0  0  0  0  0  0  0  0  0  0
  0  0  0  0  0  0  0  0  0  0  0  0
  0  0  0  0  0  0  0  0  0  0  0  0
  0  0  0  0  0  0  0  0  0  0  0  0
  0  0  0  0  0  0  0  0  0  0  0  0
  0  0  0  0  0  0  0  0  0  0  0  0
  0  0  0  0  0  0  0  0  0  0  0  0
  0  0  0  0  0  0  0  0  0  0  0  0
  0  0  0  0  0  0  0  0  0  0  0  0
  0  0  0  0  0  1000  1000  1000  1000  1000  1000  1000
  1000  1000  1000  1000  1000  1000  1000  1000  1000  1000  1000  1000
  1000  1000  1000  1000  1000  0  0  0  0  0  0  0
  0  0  0  0  0  0  0  0  0  0  0  0
  0  0  0  0  0  0  0  0  0  0  0  0
  0  0  0  0  0  0  0  0  0  0  0  0
  0  0  0  0  0  0  0  0  0  0  0  0
  0  0  0  0  0  0  0  0  0  0  0  0
  0  0  0  0  0  0  0  0  0  0  0  0
  0  0  0  0  0  0  0  0  0  0  0  0
  0  0  0  0  0  0  0  0  0  0  0  0
  0  0  0  0  0  0  0  0  0  0  0  0
  0  0  0  0  0  0  0  0  0  0  0  0
  0  0  0  0  0  0  0  0  0  0  0  0
  0  0  0  0  0  0  0  0  0  0  0  0
  0  0  0  0  0  0  0  0  0  0  0  0
  0  0  0  0  0  0  0  0  0  0  0  0
  0  0  0  0  0  0  0  0  0  0  0  0
  0  0  0  0  0  0  0  0  0  0  0  0
  0  0  0  0  0  0  0  0  0  0  0  0
  0  0  0  0  0  0  0  0  0  0  0  0
  0  0  0  0  0  0  0  0  0  0  0  0
  0  0  0  0  0  0  0  0  0  0  0  0
  0  0  0  0  0  0  0  0  0  0  0  0
  0  0  0  0  0  0  0  0  0  0  0  0
  0  0  0  0  0  0  0  0  0  0  0  0
  0  0  0  0  0  0  0  0  0  0  0  0
  0  0  0  0  0  0  0  0  0  0  0  0
  0  0  0  0  0  0  0  0  0  0  0  0
  0  0  0  0  0  0  0  0  0  0  0  0
  0  0  0  0  0  0  0  0  0  0  0  0
  0  0  0  0  0  0  0  0  0  0  0  0
  0  0  0  0  0  0  0  0  0  0  0  0
  0  0  0  0  0  0  0  0  0  0  0  0
  0  0  0  0  0  0  0  0  0  0  0  0
  0  0  0  0  0  0  0  0  0  0  0  0
  0  0  0  0  0  0  0  0  0  0  0  0
  0  0  0  0  0  0  0  0  0  0  0  0
  0  0  0  0  0  0  0  0  0  0  0  0
  0  0  0  0  0  0  0  0  0  0  0  0
  0  0  0  0  0  0  0  0  0  0  0  0
  0  0  0  0  0  0  0  0  0  0  0  0
  0  0  0  0  0  0  0  0  0  0  0  0
  0  0  0  0  0  0  0  0  0  0  0  0
  0  0  0  0  0  0  0  0  0  0  0  0
  0  0  0  0  0  0  0  0  0  0  0  0
  0  0  0  0  0  0  0  0  0  0  0  0
  0  0  0  0  0  0  0  0  0  0  0  0
  0  0  0  0  0  0  0  0  0  0  0  0
  0  0  0  0  0  0  0  0  0  0  0  0
  0  0  0  0  0  0  0  0  0  0  0  0
  0  0  0  0  0  0  0  0  0  0  0  0
  0  0  0  0  0  0  0  0  0  0  0  0
  0  0  0  0  0  0  0  0  0  0  0  0
  0  0  0  0  0  0  0  0  0  0  0  0
  0  0  0  0  0  0  0  0  0  0  0  0
  0  0  0  0  0  0  0  0  0  0  0  0
  0  0  0  0  0  0  0  0  0  0  0  0
  0  0  0  0  0  0  0  0  0  0  0  0
  0  0  0  0  0  0  0  0  0  0  0  0
  0  0  0  0  0  0  0  0  0  0  0  0
  0  0  0  0  0  0  0  0  0  0  0  0
  0  0  0  0  0  0  0  0  0  0  0  0
  0  0  0  0  0  0  0  0  0  0  0  0
  0  0  0  0  0  0  0  0  0  0  0  0
  0  0  0  0  0  0  0  0  0  0  0  0
  0  0  0  0  0  0  0  0  0  0  0  0
  0  0  0  0  0  0  0  0  0  0  0  0
  0  0  0  0  0  0  0  0  0  0  0  0
  0  0  0  0  0  0  0  0  0  0  0  0
  0  0  0  0  0  0  0  0  0  0  0  0
  0  0  0  0  0  0  0  0  0  0  0  0
  0  0  0  0  0  500  500  500  500  500  500  500
  500  500  500  500  500  700  700  700  700  700  700  700
  700  700  700  700  700  0  0  0  0  0  0  0
  0  0  0  0  0  0  0  0  0  0  0  0
  0  0  0  0  0  0  0  0  0  0  0  0
  0  0  0  0  0  0  0  0  0  0  0  0
  0  0  0  0  0  0  0  0  0  0  0  0
  0  0  0  0  0  0  0  0  0  0  0  0
  0  0  0  0  0  0  0  0  0  0  0  0
  0  0  0  0  0  0  0  0  0  0  0  0
  0  0  0  0  0  0  0  0  0  0  0  0
  0  0  0  0  0  0  0  0  0  0  0  0
  0  0  0  0  0  0  0  0  0  0  0  0
  0  0  0  0  0  0  0  0  0  0  0  0
  0  0  0  0  0  0  0  0  0  0  0  0
  0  0  0  0  0  0  0  0  0  0  0  0
  0  0  0  0  0  0  0  0  0  0  0  0
  0  0  0  0  0  0  0  0  0  0  0  0
  0  0  0  0  0  0  0  0  0  0  0  0
  0  0  0  0  0  0  0  0  0  0  0  0
  0  0  0  0  0  0  0  0  0  0  0  0
  0  0  0  0  0  0  0  0  0  0  0  0
  0  0  0  0  0  0  0  0  0  0  0  0
  0  0  0  0  0  0  0  0  0  0  0  0
  0  0  0  0  0  0  0  0  0  0  0  0
  0  0  0  0  0  0  0  0  0  0  0  0
  0  0  0  0  0  0  0  0  0  0  0  0
  0  0  0  0  0  0  0  0  0  0  0  0
  0  0  0  0  0  0  0  0  0  0  0  0
  0  0  0  0  0  0  0  0  0  0  0  0
  0  0  0  0  0  0  0  0  0  0  0  0
  0  0  0  0  0  0  0  0  0  0  0  0
  0  0  0  0  0  0  0  0  0  0  0  0
  0  0  0  0  0  0  0  0  0  0  0  0
  0  0  0  0  0  0  0  0  0  0  0  0
  0  0  0  0  0  0  0  0  0  0  0  0
  0  0  0  0  0  0  0  0  0  0  0  0
  0  0  0  0  0  0  0  0  0  0  0  0
  0  0  0  0  0  0  0  0  0  0  0  0
  0  0  0  0  0  0  0  0  0  0  0  0
  0  0  0  0  0  0  0  0  0  0  0  0
  0  0  0  0  0  0  0  0  0  0  0  0
  0  0  0  0  0  0  0  0  0  0  0  0
  0  0  0  0  0  0  0  0  0  0  0  0
  0  0  0  0  0  0  0  0  0  0  0  0
  0  0  0  0  0  0  0  0  0  0  0  0
  0  0  0  0  0  0  0  0  0  0  0  0
  0  0  0  0  0  0  0  0  0  0  0  0
  0  0  0  0  0  0  0  0  0  0  0  0
  0  0  0  0  0  0  0  0  0  0  0  0
  0  0  0  0  0  0  0  0  0  0  0  0
  0  0  0  0  0  0  0  0  0  2500  0  0
  0  0  0  0  0  -100  -100  -100  -100  -100  -100  -100
  -100  -100  -100  -100  -100  -200  -200  -200  -200  -200  -200  -200
  -200  -200  -200  -200  -200  -300  -300  -300  -300  -300  -300  -300
  -300  -300  -300  -300  -300  -400  -400  -400  -400  -400  -400  -400
  -400  -400  -400  -400  -400  -500  -500  -500  -500  -500  -500  -500
  -500  -500  -500  -500  -500  -600  -600  -600  -600  -600  -600  -600
  -600  -600  -600  -600  -600  -700  -700  -700  -700  -700  -700  -700
  -700  -700  -700  -700  -700  -800  -800  -800  -800  -800  -800  -800
  -800  -800  -800  -800  -800  0  0  0  0  0  0  0
  0  0  0  0  0  0  0  0  0  0  0  0
  0  0  0  0  0  0  0  0  0  0  0  0
  0  0  0  0  0  0  0  0  0  0  0  0
  0  0  0  0  0  0  0  0  0  0  0  0
  0  0  0  0  0  0  0  0  0  0  0  0
  0  0  0  0  0  0  0  0  0  0  0  0
  0  0  0  0  0  0  0  0  0  0  0  0
  0  0  0  0  0  0  0  0  0  0  0  0
  0  0  0  0  0  0  0  0  0  0  0  0
  0  0  0  0  0  0  0  0  0  0  0  0
  0  0  0  0  0  0  0  0  0  0  0  0
  0  0  0  0  0  0  0  0  0  0  0  200
  0  0  0  0  0  0  0  0  0  0  700  200
  0  0  0  0  0  0  0  0  0  0  0  0
  0  0  0  0  0  0  0  0  0  0  0  0
  0  0  0  0  0  0  0  0  0  0  0  0
  0  0  0  0  0  0  0  0  0  0  0  0
  0  0  0  0  0  0  0  0  0  0  0  0
  0  0  0  0  0  0  0  0  0  0  0  0
  0  0  0  0  0  0  0  0  0  0  0  0
  0  0  0  0  0  0  0  0  0  0  0  0
  0  0  0  0  0  0  0  0  0  0  0  0
  0  0  0  0  0  0  0  0  0  0  0  0
  0  0  0  0  0  0  0  0  0  0  0  0
  0  0  0  0  0  0  0  0  0  0  0  0
  0  0  0  0  0  0  0  0  0  0  0  0
  0  0  0  0  0  0  0  0  0  0  0  0
  0  0  0  0  0  0  0  0  0  0  0  0
  0  0  0  0  0  0  0  0  0  0  0  0
  0  0  0  0  0  0  0  0  0  0  0  0
  0  0  0  0  0  0  0  0  0  0  0  0
  0  0  0  0  0  0  0  0  0  0  0  0
  0  0  0  0  0  0  0  0  0  0  0  0
  0  0  0  0  0  0  0  0  0  0  0  0
  0  0  0  0  0  0  0  0  0  0  0  0
  0  0  0  0  0  0  0  0  0  700  0  700
  0  0  0  0  0  0  0  0  0  0  0  0
  0  0  0  0  0  0  0  0  0  0  0  0
  0  0  0  0  0  0  0  0  0  0  0  0
  0  0  0  0  0  0  0  0  0  0  0  0
  0  0  0  0  0  0  0  0  0  0  0  0
  0  0  0  0  0  0  0  0  0  0  0  0
  0  0  0  0  0  0  0  0  0  0  0  0
  0  0  0  0  0  0  0  0  0  0  0  0
  0  0  0  0  0  0  0  0  0  0  0  0
  0  0  0  0  0  0  0  0  0  0  0  0
  0  0  0  0  0  0  0  0  0  0  0  0
  0  0  0  0  0  0  0  0  0  0  0  0
  0  0  0  0  0  0  0  0  0  0  0  0
  0  0  0  0  0  0  0  0  0  0  0  0
  0  0  0  0  0  0  0  0  0  0  0  0
  0  0  0  0  0  0  0  0  0  0  0  0
  0  0  0  0  0  0  0  0  0  0  0  0
  0  0  0  0  0  0  0  0  0  0  0  0
  0  0  0  0  0  0  0  0  0  0  0  0
  0  0  0  0  0  0  0  0  0  0  0  0
  0  0  0  0  0  0  0  0  0  0  0  0
  0  0  0  0  0  0  0  0  0  0  0  0
  0  0  0  0  0  0  0  0  0  0  0  0
  0  0  0  0  0  -1600  -1600  -1600  -1600  -1600  -1600  -1600
  -1600  -1600  -1600  -1600  -1600  -1200  -1200  -1200  -1200  -1200  -1200  -1200
  -1200  -1200  -1200  -1200  -1200  -800  -800  -800  -800  -800  -800  -800
  -800  -800  -800  -800  -800  -400  -400  -400  -400  -400  -400  -400
  -400  -400  -400  -400  -400  0  0  0  0  0  0  0
  0  0  0  0  0  300  300  300  300  300  300  300
  300  300  300  300  300  700  700  700  700  700  700  700
  700  700  700  700  700  1100  1100  1100  1100  1100  1100  1100
  1100  1100  1100  1100  1100  0  0  0  0  0  0  0
  0  0  0  0  0  0  0  0  0  0  0  0
  0  0  0  0  0  0  0  0  0  0  0  0
  0  0  0  0  0  0  0  0  0  0  0  0
  0  0  0  0  0  0  0  0  0  0  0  0
  0  0  0  0  0  0  0  0  0  0  0  0
  0  0  0  0  0  0  0  0  0  0  0  0
  0  0  0  0  0  0  0  0  0  0  0  0
  0  0  0  0  0  0  0  0  0  0  0  0
  0  0  0  0  0  0  0  0  0  0  0  0
  0  0  0  0  0  0  0  0  0  0  0  0
  0  0  0  0  0  0  0  0  0  0  0  0
  0  0  0  0  0  0  0  0  0  0  0  0
  0  0  0  0  0  0  0  0  0  0  0  0
  0  0  0  0  0  0  0  0  0  0  0  0
  0  0  0  0  0  0  0  0  0  0  0  0
  0  0  0  0  0  -3600  -3600  -3600  -3600  -3600  -3600  -3600
  -3600  -3600  -3600  -3600  -3600  -2700  -2700  -2700  -2700  -2700  -2700  -2700
  -2700  -2700  -2700  -2700  -2700  -1800  -1800  -1800  -1800  -1800  -1800  -1800
  -1800  -1800  -1800  -1800  -1800  -900  -900  -900  -900  -900  -900  -900
  -900  -900  -900  -900  -900  0  0  0  0  0  0  0
  0  0  0  0  0  800  800  800  800  800  800  800
  800  800  800  800  800  1700  1700  1700  1700  1700  1700  1700
  1700  1700  1700  1700  1700  2600  2600  2600  2600  2600  2600  2600
  2600  2600  2600  2600  2600  0  0  0  0  0  0  0
  0  0  0  0  0  0  0  0  0  0  0  0
  0  0  0  0  0  0  0  0  0  0  0  0
  0  0  0  0  0  0  0  0  0  0  0  0
  0  0  0  0  0  0  0  0  0  0  0  0
  0  0  0  0  0  0  0  0  0  0  0  0
  0  0  0  0  0  0  0  0  0  0  0  0
  0  0  0  0  0  0  0  0  0  0  0  0
  0  0  0  0  0  0  0  0  0  0  0  0
  0  0  0  0  0  0  0  0  0  0  0  0
  0  0  0  0  0  0  0  0  0  0  0  0
  0  0  0  0  0  0  0  0  0  0  0  0
  0  0  0  0  0  0  0  0  0  0  0  0
  0  0  0  0  0  0  0  0  0  0  0  0
  0  0  0  0  0  0  0  0  0  0  0  0
  0  0  0  0  0  0  0  0  0  0  0  0
  0  0  0  0  0  -1500  -1500  -1400  -1300  -1300  -1200  -1200
  -1300  -1300  -1400  -1500  -1500  -1200  -1200  -1100  -1000  -1000  -900  -900
  -1000  -1000  -1100  -1200  -1200  -900  -900  -800  -700  -700  -600  -600
  -700  -700  -800  -900  -900  -600  -600  -500  -400  -400  -300  -300
  -400  -400  -500  -600  -600  -300  -300  -200  -100  -100  0  0
  -100  -100  -200  -300  -300  0  0  0  100  200  200  200
  200  100  0  0  0  200  300  300  400  500  500  500
  500  400  300  300  200  500  600  600  700  800  800  800
  800  700  600  600  500  -200  -200  -100  -100  0  0  0
  0  -100  -100  -200  -200  -200  -200  -100  -100  0  0  0
  0  -100  -100  -200  -200  -200  -200  -100  -100  0  0  0
  0  -100  -100  -200  -200  -200  -200  -100  -100  0  0  0
  0  -100  -100  -200  -200  0  0  0  0  0  0  0
  0  0  0  0  0  0  0  0  0  0  0  0
  0  0  0  0  0  0  0  0  0  0  0  0
  0  0  0  0  0  0  0  0  0  0  0  0
  0  0  0  0  0  0  0  0  0  0  0  0
  0  0  0  0  0  0  0  0  0  0  0  0
  0  0  0  0  0  0  0  0  0  0  0  0
  0  0  0  0  0  0  0  0  0  0  0  0
  0  0  0  0  0  0  0  0  0  0  0  0
  0  0  0  0  0  0  0  0  0  0  0  0
  0  0  0  0  0  0  0  0  0  0  0  0
  0  0  0  0  0  0  0  0  0  0  0  0
  0  0  0  0  0  -2500  -2500  -2400  -2300  -2300  -2200  -2200
  -2300  -2300  -2400  -2500  -2500  -2000  -1900  -1800  -1800  -1700  -1600  -1600
  -1700  -1800  -1800  -1900  -2000  -1400  -1400  -1300  -1200  -1200  -1100  -1100
  -1200  -1200  -1300  -1400  -1400  -900  -800  -700  -700  -600  -500  -500
  -600  -700  -700  -800  -900  -300  -300  -200  -100  -100  0  0
  -100  -100  -200  -300  -300  100  200  300  300  400  500  500
  400  300  300  200  100  700  800  800  900  1000  1000  1000
  1000  900  800  800  700  1200  1300  1400  1400  1500  1600  1600
  1500  1400  1400  1300  1200  -200  -200  -100  -100  0  0  0
  0  -100  -100  -200  -200  -200  -200  -100  -100  0  0  0
  0  -100  -100  -200  -200  -200  -200  -100  -100  0  0  0
  0  -100  -100  -200  -200  -200  -200  -100  -100  0  0  0
  0  -100  -100  -200  -200  0  0  0  0  0  0  0
  0  0  0  0  0  0  0  0  0  0  0  0
  0  0  0  0  0  0  0  0  0  0  0  0
  0  0  0  0  0  0  0  0  0  0  0  0
  0  0  0  0  0  0  0  0  0  0  0  0
  0  0  0  0  0  0  0  0  0  0  0  0
  0  0  0  0  0  0  0  0  0  0  0  0
  0  0  0  0  0  0  0  0  0  0  0  0
  0  0  0  0  0  0  0  0  0  0  0  0
  0  0  0  0  0  0  0  0  0  0  0  0
  0  0  0  0  0  0  0  0  0  0  0  0
  0  0  0  0  0  0  0  0  0  0  0  0
  0  0  0  0  0  -200  -200  -200  -200  -200  -200  -200
  -200  -200  -200  -200  -200  -200  -200  -200  -200  -200  -200  -200
  -200  -200  -200  -200  -200  -200  -200  -200  -200  -200  -200  -200
  -200  -200  -200  -200  -200  0  0  0  0  0  0  0
  0  0  0  0  0  200  200  200  200  200  200  200
  200  200  200  200  200  400  400  400  400  400  400  400
  400  400  400  400  400  600  600  600  600  600  600  600
  600  600  600  600  600  800  800  800  800  800  800  800
  800  800  800  800  800  0  0  0  0  0  0  0
  0  0  0  0  0  0  0  0  0  0  0  0
  0  0  0  0  0  0  0  0  0  0  0  0
  0  0  0  0  0  0  0  0  0  0  0  0
  0  0  0  0  0  0  0  0  0  0  0  0
  0  0  0  0  0  0  0  0  0  0  0  0
  0  0  0  0  0  0  0  0  0  0  0  0
  0  0  0  0  0  0  0  0  0  0  0  0
  0  0  0  0  0  0  0  0  0  0  0  0
  0  0  0  0  0  0  0  0  0  0  0  0
  0  0  0  0  0  0  0  0  0  0  0  0
  0  0  0  0  0  0  0  0  0  0  0  0
  0  0  0  0  0  0  0  0  0  0  0  0
  0  0  0  0  0  0  0  0  0  0  0  0
  0  0  0  0  0  0  0  0  0  0  0  0
  0  0  0  0  0  0  0  0  0  0  0  0
  0  0  0  0  0  0  0  0  0  0  0  0
  0  0  0  0  0  0  0  0  0  0  0  0
  0  0  0  0  0  -1000  0  0  0  0  0  0
  0  0  0  0  -1000  1500  0  0  0  0  0  0
  0  0  0  0  1500  0  0  0  0  0  0  0
  0  0  0  0  0  0  0  0  0  0  0  0
  0  0  0  0  0  0  0  0  0  0  0  0
  0  0  0  0  0  0  0  0  0  0  0  0
  0  0  0  0  0  0  0  0  0  0  0  0
  0  0  0  0  0  0  0  0  0  0  0  0
  0  0  0  0  0  0  0  0  0  0  0  0
  0  0  0  0  0  0  0  0  0  0  0  0
  0  0  0  0  0  0  0  0  0  0  0  0
  0  0  0  0  0  0  0  0  0  0  0  0
  0  0  0  0  0  0  0  0  0  0  0  0
  0  0  0  0  0  0  0  0  0  0  0  0
  0  0  0  0  0  0  0  0  0  0  0  0
  0  0  0  0  0  0  0  0  0  0  0  0
  0  0  0  0  0  0  0  0  0  0  0  0
  0  0  0  0  0  0  0  0  0  0  0  0
  0  0  0  0  0  0  0  0  0  0  0  0
  0  0  0  0  0  0  0  0  0  0  0  0
  0  0  0  0  0  0  0  0  0  0  0  0
  0  0  0  0  0  0  0  0  0  0  0  0
  0  0  0  0  0  0  0  0  0  0  0  0
  0  0  0  0  0  0  0  0  0  0  0  0
  0  0  0  0  0  0  0  0  0  0  0  0
  0  0  0  0  0  0  0  0  0  0  0  0
  0  0  0  0  0  0  0  0  0  0  0  0
  0  0  0  0  0  0  0  0  0  0  0  0
  0  0  0  0  0  0  0  0  0  0  0  0
  0  0  0  0  0  0  0  0  0  0  0  0
  0  0  0  0  0  0  0  0  0  0  0  0
  0  0  0  0  0  0  0  0  0  0  0  0
  0  0  0  0  0  0  0  0  0  0  0  0
  0  0  0  0  0  0  0  0  0  0  0  0
  0  0  0  0  0  0  0  0  0  0  0  0
  0  0  0  0  0  0  0  0  0  0  0  0
  0  0  0  0  0  0  0  0  0  0  0  0
  0  0  0  0  0  0  0  0  0  0  0  0
  0  0  0  0  0  0  0  0  0  0  0  0
  0  0  0  0  0  0  0  0  0  0  0  0
  0  0  0  0  0  0  0  0  0  0  0  0
  0  0  0  0  0  0  0  0  0  0  0  0
  0  0  0  0  0  0  0  0  0  0  0  0
  0  0  0  0  0  0  0  0  0  0  0  0
  0  0  0  0  0  0  0  0  0  0  0  0
  0  0  0  0  0  0  0  0  0  0  0  0
  0  0  0  0  0  -5300  -5300  -5300  -5200  -5200  -5200  -5200
  -5200  -5200  -5300  -5300  -5300  -4000  -4000  -4000  -3900  -3900  -3900  -3900
  -3900  -3900  -4000  -4000  -4000  -2700  -2700  -2700  -2600  -2600  -2600  -2600
  -2600  -2600  -2700  -2700  -2700  -1400  -1400  -1400  -1300  -1300  -1300  -1300
  -1300  -1300  -1400  -1400  -1400  -100  -100  -100  0  0  0  0
  0  0  -100  -100  -100  1100  1100  1100  1200  1200  1200  1200
  1200  1200  1100  1100  1100  2400  2400  2400  2500  2500  2500  2500
  2500  2500  2400  2400  2400  3700  3700  3700  3800  3800  3800  3800
  3800  3800  3700  3700  3700  0  0  0  0  0  0  0
  0  0  0  0  0  0  0  0  0  0  0  0
  0  0  0  0  0  0  0  0  0  0  0  0
  0  0  0  0  0  0  0  0  0  0  0  0
  0  0  0  0  0  0  0  0  0  0  0  0
  0  0  0  0  0  0  0  0  0  0  0  0
  0  0  0  0  0  0  0  0  0  0  0  0
  0  0  0  0  0  0  0  0  0  0  0  0
  0  0  0  0  0  0  0  0  0  0  0  0
  0  0  0  0  0  0  0  0  0  0  0  0
  0  0  0  0  0  0  0  0  0  0  0  0
  0  0  0  0  0  0  0  0  0  0  0  0
  0  0  0  0  0  0  0  0  0  0  0  0
  0  0  0  0  0  0  0  0  0  0  0  0
  0  0  0  0  0  0  0  0  0  0  0  0
  0  0  0  0  0  0  0  0  0  0  0  0
  0  0  0  0  0  -2500  -2500  -2500  -2400  -2400  -2400  -2400
  -2400  -2400  -2500  -2500  -2500  -1900  -1900  -1900  -1800  -1800  -1800  -1800
  -1800  -1800  -1900  -1900  -1900  -1300  -1300  -1300  -1200  -1200  -1200  -1200
  -1200  -1200  -1300  -1300  -1300  -700  -700  -700  -600  -600  -600  -600
  -600  -600  -700  -700  -700  -100  -100  -100  0  0  0  0
  0  0  -100  -100  -100  400  400  400  500  500  500  500
  500  500  400  400  400  1000  1000  1000  1100  1100  1100  1100
  1100  1100  1000  1000  1000  1600  1600  1600  1700  1700  1700  1700
  1700  1700  1600  1600  1600  0  0  0  0  0  0  0
  0  0  0  0  0  0  0  0  0  0  0  0
  0  0  0  0  0  0  0  0  0  0  0  0
  0  0  0  0  0  0  0  0  0  0  0  0
  0  0  0  0  0  0  0  0  0  0  0  0
  0  0  0  0  0  0  0  0  0  0  0  0
  0  0  0  0  0  0  0  0  0  0  0  0
  0  0  0  0  0  0  0  0  0  0  0  0
  0  0  0  0  0  0  0  0  0  0  0  0
  0  0  0  0  0  0  0  0  0  0  0  0
  0  0  0  0  0  0  0  0  0  0  0  0
  0  0  0  0  0  0  0  0  0  0  0  0
  0  0  0  0  0  0  0  0  0  0  0  0
  0  0  0  0  0  0  0  0  0  0  0  0
  0  0  0  0  0  0  0  0  0  0  0  0
  0  0  0  0  0  0  0  0  0  0  0  0
  0  0  0  0  0  0  0  0  0  0  0  0
  0  0  0  0  0  0  0  0  0  0  0  0
  0  0  0  0  0  0  0  0  0  0  0  0
  0  0  0  0  0  0  0  0  0  0  0  0
  0  0  0  0  0  0  0  0  0  0  0  0
  0  0  0  0  0  0  0  0  0  0  0  0
  0  0  0  0  0  0  0  0  0  0  0  0
  0  0  0  0  0  0  0  0  0  0  0  0
  0  0  0  0  0  0  0  0  0  0  0  0
  0  0  0  0  0  0  0  0  0  0  0  0
  0  0  0  0  0  0  0  0  0  0  0  0
  0  0  0  0  0  0  0  0  0  0  0  0
  0  0  0  0  0  0  0  0  0  0  0  0
  0  0  0  0  0  0  0  0  0  0  0  0
  0  0  0  0  0  0  0  0  0  0  0  0
  0  0  0  0  0  0  0  0  0  0  0  0
  0  0  0  0  0  0  0  0  0  0  0  0
  0  0  0  0  0  0  0  0  0  0  0  0
  0  0  0  0  0  0  0  0  0  0  0  0
  0  0  0  0  0  0  0  0  0  0  0  0
  0  0  0  0  0  0  0  0  0  0  0  0
  0  0  0  0  0  0  0  0  0  0  0  0
  0  0  0  0  0  0  0  0  0  0  0  0
  0  0  0  0  0  0  0  0  0  0  0  0
  0  0  0  0  0  0  0  0  0  0  0  0
  0  0  0  0  0  0  0  0  0  0  0  0
  0  0  0  0  0  0  0  0  0  0  0  0
  0  0  0  0  0  0  0  0  0  0  0  0
  0  0  0  0  0  0  0  0  0  0  0  0
  0  0  0  0  0  0  0  0  0  0  0  0
  0  0  0  0  0  0  0  0  0  0  0  0
  0  0  0  0  0  0  0  0  0  0  0  0
  0  0  0  0  0  0  0  0  0  0  0  0
  0  0  0  0  0  0  0  0  0  0  0  0
  0  0  0  0  0  0  0  0  0  0  0  0
  0  0  0  0  0  0  0  0  0  0  0  0
  0  0  0  0  0  0  0  0  0  0  0  0
  0  0  0  0  0  0  0  0  0  0  0  0
  0  0  0  0  0  0  0  0  0  0  0  0
  0  0  0  0  0  0  0  0  0  0  0  0
  0  0  0  0  0  0  0  0  0  0  0  0
  0  0  0  0  0  0  0  0  0  0  0  0
  0  0  0  0  0  0  0  0  0  0  0  0
  0  0  0  0  0  0  0  0  0  0  0  0
  0  0  0  0  0  0  0  0  0  0  0  0
  0  0  0  0  0  0  0  0  0  0  0  0
  0  0  0  0  0  0  0  0  0  0  0  0
  0  0  0  0  0  0  0  0  0  0  0  0
  0  0  0  0  0  -1500  -700  -300  -100  200  2500  1500
  200  -100  -300  -700  -1500  0  0  0  0  0  0  0
  0  0  0  0  0  0  0  0  0  0  0  0
  0  0  0  0  0  0  0  0  0  0  0  0
  0  0  0  0  0  0  0  0  0  0  0  0
  0  0  0  0  0  0  0  0  0  0  0  0
  0  0  0  0  0  0  0  0  0  0  0  0
  0  0  0  0  0  0  0  0  0  0  0  0
  0  0  0  0  0  0  0  0  0  0  0  0
  0  0  0  0  0  0  0  0  0  0  0  0
  0  0  0  0  0  0  0  0  0  0  0  0
  0  0  0  0  0  0  0  0  0  0  0  0
  0  0  0  0  0  0  0  0  0  0  0  0
  0  0  0  0  0  0  0  0  0  0  0  0
  0  0  0  0  0  0  0  0  0  0  0  0
  0  0  0  0  0  0  0  0  0  0  0  0
  0  0  0  0  0  0  0  0  0  0  0  0
  0  0  0  0  0  0  0  0  0  0  0  0
  0  0  0  0  0  0  0  0  0  0  0  0
  0  0  0  0  0  0  0  0  0  0  0  0
  0  0  0  0  0  0  0  0  0  0  0  0
  0  0  0  0  0  0  0  0  0  0  0  0
  0  0  0  0  0  0  0  0  0  0  0  0
  0  0  0  0  0  0  0  0  0  0  0  0
  0  0  0  0  0  -300  -300  -300  -200  -200  -200  -200
  -200  -200  -300  -300  -300  -300  -300  -200  -200  -200  -100  -100
  -200  -200  -200  -300  -300  -300  -200  -200  -200  -100  -100  -100
  -100  -200  -200  -200  -300  -200  -200  -200  -100  -100  -100  -100
  -100  -100  -200  -200  -200  -200  -200  -100  -100  -100  0  0
  -100  -100  -100  -200  -200  -200  -100  -100  -100  0  0  0
  0  -100  -100  -100  -200  -200  -100  -100  -100  0  0  0
  0  -100  -100  -100  -200  -200  -200  -100  -100  -100  0  0
  -100  -100  -100  -200  -200  -200  -200  -200  -100  -100  -100  -100
  -100  -100  -200  -200  -200  -300  -200  -200  -200  -100  -100  -100
  -100  -200  -200  -200  -300  -300  -300  -200  -200  -200  -100  -100
  -200  -200  -200  -300  -300  -300  -300  -300  -200  -200  -200  -200
  -200  -200  -300  -300  -300  0  0  0  0  0  0  0
  0  0  0  0  0  0  0  0  0  0  0  0
  0  0  0  0  0  0  0  0  0  0  0  0
  0  0  0  0  0  0  0  0  0  0  0  0
  0  0  0  0  0  0  0  0  0  0  0  0
  0  0  0  0  0  0  0  0  0  0  0  0
  0  0  0  0  0  0  0  0  0  0  0  0
  0  0  0  0  0  0  0  0  0  0  0  0
  0  0  0  0  0  0  0  0  0  0  0  0
  0  0  0  0  0  0  0  0  0  0  0  0
  0  0  0  0  0  0  0  0  0  0  0  0
  0  0  0  0  0  0  0  0  0  0  0  0
  0  0  0  0  0  -2300  -1800  -1300  -800  -800  -800  -800
  -800  -800  -1300  -1800  -2300  -2100  -1600  -1100  -600  -600  -600  -600
  -600  -600  -1100  -1600  -2100  -1900  -1400  -900  -400  -400  -400  -400
  -400  -400  -900  -1400  -1900  -1700  -1200  -700  -200  -200  -200  -200
  -200  -200  -700  -1200  -1700  -1500  -1000  -500  0  0  0  0
  0  0  -500  -1000  -1500  -1500  -1000  -500  0  0  0  0
  0  0  -500  -1000  -1500  -1500  -1000  -500  0  0  0  0
  0  0  -500  -1000  -1500  -1500  -1000  -500  0  0  0  0
  0  0  -500  -1000  -1500  -1500  -1000  -500  0  0  0  0
  0  0  -500  -1000  -1500  -6700  -6200  -5700  -200  -200  -200  -200
  -200  -200  -5700  -6200  -6700  -14400  -11400  -5900  -400  -400  -400  -400
  -400  -400  -5900  -11400  -14400  -17100  -14100  -6100  -600  -600  -600  -600
  -600  -600  -6100  -14100  -17100  0  0  0  0  0  0  0
  0  0  0  0  0  0  0  0  0  0  0  0
  0  0  0  0  0  0  0  0  0  0  0  0
  0  0  0  0  0  0  0  0  0  0  0  0
  0  0  0  0  0  0  0  0  0  0  0  0
  0  0  0  0  0  0  0  0  0  0  0  0
  0  0  0  0  0  0  0  0  0  0  0  0
  0  0  0  0  0  0  0  0  0  0  0  0
  0  0  0  0  0  0  0  0  0  0  0  0
  0  0  0  0  0  0  0  0  0  0  0  0
  0  0  0  0  0  0  0  0  0  0  0  0
  0  0  0  0  0  0  0  0  0  0  0  0
  0  0  0  0  0  -300  -300  -300  -200  -200  -200  -200
  -200  -200  -300  -300  -300  -300  -300  -200  -200  -200  -100  -100
  -200  -200  -200  -300  -300  -300  -200  -200  -200  -100  -100  -100
  -100  -200  -200  -200  -300  -200  -200  -200  -100  -100  -100  -100
  -100  -100  -200  -200  -200  -200  -200  -100  -100  -100  0  0
  -100  -100  -100  -200  -200  -200  -100  -100  -100  0  0  0
  0  -100  -100  -100  -200  -200  -100  -100  -100  0  0  0
  0  -100  -100  -100  -200  -200  -200  -100  -100  -100  0  0
  -100  -100  -100  -200  -200  -200  -200  -200  -100  -100  -100  -100
  -100  -100  -200  -200  -200  -300  -200  -200  -200  -100  -100  -100
  -100  -200  -200  -200  -300  -300  -300  -200  -200  -200  -100  -100
  -200  -200  -200  -300  -300  -300  -300  -300  -200  -200  -200  -200
  -200  -200  -300  -300  -300  -300  -300  -300  -200  -200  -200  -200
  -200  -200  -300  -300  -300  -300  -300  -200  -200  -200  -100  -100
  -200  -200  -200  -300  -300  -300  -200  -200  -200  -100  -100  -100
  -100  -200  -200  -200  -300  -200  -200  -200  -100  -100  -100  -100
  -100  -100  -200  -200  -200  -200  -200  -100  -100  -100  0  0
  -100  -100  -100  -200  -200  -200  -100  -100  -100  0  0  0
  0  -100  -100  -100  -200  -200  -100  -100  -100  0  0  0
  0  -100  -100  -100  -200  -200  -200  -100  -100  -100  0  0
  -100  -100  -100  -200  -200  -200  -200  -200  -100  -100  -100  -100
  -100  -100  -200  -200  -200  -300  -200  -200  -200  -100  -100  -100
  -100  -200  -200  -200  -300  -300  -300  -200  -200  -200  -100  -100
  -200  -200  -200  -300  -300  -300  -300  -300  -200  -200  -200  -200
  -200  -200  -300  -300  -300  -300  -300  -300  -200  -200  -200  -200
  -200  -200  -300  -300  -300  -300  -300  -200  -200  -200  -100  -100
  -200  -200  -200  -300  -300  -300  -200  -200  -200  -100  -100  -100
  -100  -200  -200  -200  -300  -200  -200  -200  -100  -100  -100  -100
  -100  -100  -200  -200  -200  -200  -200  -100  -100  -100  0  0
  -100  -100  -100  -200  -200  -200  -100  -100  -100  0  0  0
  0  -100  -100  -100  -200  -200  -100  -100  -100  0  0  0
  0  -100  -100  -100  -200  -200  -200  -100  -100  -100  0  0
  -100  -100  -100  -200  -200  -200  -200  -200  -100  -100  -100  -100
  -100  -100  -200  -200  -200  -300  -200  -200  -200  -100  -100  -100
  -100  -200  -200  -200  -300  -300  -300  -200  -200  -200  -100  -100
  -200  -200  -200  -300  -300  -300  -300  -300  -200  -200  -200  -200
  -200  -200  -300  -300  -300  -300  -300  -300  -200  -200  -200  -200
  -200  -200  -300  -300  -300  -300  -300  -200  -200  -200  -100  -100
  -200  -200  -200  -300  -300  -300  -200  -200  -200  -100  -100  -100
  -100  -200  -200  -200  -300  -200  -200  -200  -100  -100  -100  -100
  -100  -100  -200  -200  -200  -200  -200  -100  -100  -100  0  0
  -100  -100  -100  -200  -200  -200  -100  -100  -100  0  0  0
  0  -100  -100  -100  -200  -200  -100  -100  -100  0  0  0
  0  -100  -100  -100  -200  -200  -200  -100  -100  -100  0  0
  -100  -100  -100  -200  -200  -200  -200  -200  -100  -100  -100  -100
  -100  -100  -200  -200  -200  -300  -200  -200  -200  -100  -100  -100
  -100  -200  -200  -200  -300  -300  -300  -200  -200  -200  -100  -100
  -200  -200  -200  -300  -300  -300  -300  -300  -200  -200  -200  -200
  -200  -200  -300  -300  -300  -300  -300  -300  -200  -200  -200  -200
  -200  -200  -300  -300  -300  -300  -300  -200  -200  -200  -100  -100
  -200  -200  -200  -300  -300  -300  -200  -200  -200  -100  -100  -100
  -100  -200  -200  -200  -300  -200  -200  -200  -100  -100  -100  -100
  -100  -100  -200  -200  -200  -200  -200  -100  -100  -100  0  0
  -100  -100  -100  -200  -200  -200  -100  -100  -100  0  0  0
  0  -100  -100  -100  -200  -200  -100  -100  -100  0  0  0
  0  -100  -100  -100  -200  -200  -200  -100  -100  -100  0  0
  -100  -100  -100  -200  -200  -200  -200  -200  -100  -100  -100  -100
  -100  -100  -200  -200  -200  -300  -200  -200  -200  -100  -100  -100
  -100  -200  -200  -200  -300  -300  -300  -200  -200  -200  -100  -100
  -200  -200  -200  -300  -300  -300  -300  -300  -200  -200  -200  -200
  -200  -200  -300  -300  -300  -300  -300  -300  -200  -200  -200  -200
  -200  -200  -300  -300  -300  -300  -300  -200  -200  -200  -100  -100
  -200  -200  -200  -300  -300  -300  -200  -200  -200  -100  -100  -100
  -100  -200  -200  -200  -300  -200  -200  -200  -100  -100  -100  -100
  -100  -100  -200  -200  -200  -200  -200  -100  -100  -100  0  0
  -100  -100  -100  -200  -200  -200  -100  -100  -100  0  0  0
  0  -100  -100  -100  -200  -200  -100  -100  -100  0  0  0
  0  -100  -100  -100  -200  -200  -200  -100  -100  -100  0  0
  -100  -100  -100  -200  -200  -200  -200  -200  -100  -100  -100  -100
  -100  -100  -200  -200  -200  -300  -200  -200  -200  -100  -100  -100
  -100  -200  -200  -200  -300  -300  -300  -200  -200  -200  -100  -100
  -200  -200  -200  -300  -300  -300  -300  -300  -200  -200  -200  -200
  -200  -200  -300  -300  -300  -300  -300  -300  -200  -200  -200  -200
  -200  -200  -300  -300  -300  -300  -300  -200  -200  -200  -100  -100
  -200  -200  -200  -300  -300  -300  -200  -200  -200  -100  -100  -100
  -100  -200  -200  -200  -300  -200  -200  -200  -100  -100  -100  -100
  -100  -100  -200  -200  -200  -200  -200  -100  -100  -100  0  0
  -100  -100  -100  -200  -200  -200  -100  -100  -100  0  0  0
  0  -100  -100  -100  -200  -200  -100  -100  -100  0  0  0
  0  -100  -100  -100  -200  -200  -200  -100  -100  -100  0  0
  -100  -100  -100  -200  -200  -200  -200  -200  -100  -100  -100  -100
  -100  -100  -200  -200  -200  -300  -200  -200  -200  -100  -100  -100
  -100  -200  -200  -200  -300  -300  -300  -200  -200  -200  -100  -100
  -200  -200  -200  -300  -300  -300  -300  -300  -200  -200  -200  -200
  -200  -200  -300  -300  -300  -300  -300  -300  -200  -200  -200  -200
  -200  -200  -300  -300  -300  -300  -300  -200  -200  -200  -100  -100
  -200  -200  -200  -300  -300  -300  -200  -200  -200  -100  -100  -100
  -100  -200  -200  -200  -300  -200  -200  -200  -100  -100  -100  -100
  -100  -100  -200  -200  -200  -200  -200  -100  -100  -100  0  0
  -100  -100  -100  -200  -200  -200  -100  -100  -100  0  0  0
  0  -100  -100  -100  -200  -200  -100  -100  -100  0  0  0
  0  -100  -100  -100  -200  -200  -200  -100  -100  -100  0  0
  -100  -100  -100  -200  -200  -200  -200  -200  -100  -100  -100  -100
  -100  -100  -200  -200  -200  -300  -200  -200  -200  -100  -100  -100
  -100  -200  -200  -200  -300  -300  -300  -200  -200  -200  -100  -100
  -200  -200  -200  -300  -300  -300  -300  -300  -200  -200  -200  -200
  -200  -200  -300  -300  -300  -8100  -8100  -8100  -8000  -8000  -8000  -8000
  -8000  -8000  -8100  -8100  -8100  -6100  -6100  -6100  -6000  -6000  -6000  -6000
  -6000  -6000  -6100  -6100  -6100  -4100  -4100  -4100  -4000  -4000  -4000  -4000
  -4000  -4000  -4100  -4100  -4100  -2100  -2100  -2100  -2000  -2000  -2000  -2000
  -2000  -2000  -2100  -2100  -2100  -100  -100  -100  0  0  0  0
  0  0  -100  -100  -100  1800  1800  1800  1900  1900  1900  1900
  1900  1900  1800  1800  1800  3800  3800  3800  3900  3900  3900  3900
  3900  3900  3800  3800  3800  5800  5800  5800  5900  5900  5900  5900
  5900  5900  5800  5800  5800  0  0  0  0  0  0  0
  0  0  0  0  0  0  0  0  0  0  0  0
  0  0  0  0  0  0  0  0  0  0  0  0
  0  0  0  0  0  0  0  0  0  0  0  0
  0  0  0  0  0  0  0  0  0  0  0  0
  0  0  0  0  0  0  0  0  0  0  0  0
  0  0  0  0  0  0  0  0  0  0  0  0
  0  0  0  0  0  0  0  0  0  0  0  0
  0  0  0  0  0  0  0  0  0  0  0  0
  0  0  0  0  0  0  0  0  0  0  0  0
  0  0  0  0  0  0  0  0  0  0  0  0
  0  0  0  0  0  0  0  0  0  0  0  0
  0  0  0  0  0  0  0  0  0  0  0  0
  0  0  0  0  0  0  0  0  0  0  0  0
  0  0  0  0  0  0  0  0  0  0  0  0
  0  0  0  0  0  0  0  0  0  0  0  0
  0  0  0  0  0  -8100  -8100  -8100  -8000  -8000  -8000  -8000
  -8000  -8000  -8100  -8100  -8100  -6100  -6100  -6100  -6000  -6000  -6000  -6000
  -6000  -6000  -6100  -6100  -6100  -4100  -4100  -4100  -4000  -4000  -4000  -4000
  -4000  -4000  -4100  -4100  -4100  -2100  -2100  -2100  -2000  -2000  -2000  -2000
  -2000  -2000  -2100  -2100  -2100  -100  -100  -100  0  0  0  0
  0  0  -100  -100  -100  1800  1800  1800  1900  1900  1900  1900
  1900  1900  1800  1800  1800  3800  3800  3800  3900  3900  3900  3900
  3900  3900  3800  3800  3800  5800  5800  5800  5900  5900  5900  5900
  5900  5900  5800  5800  5800  0  0  0  0  0  0  0
  0  0  0  0  0  0  0  0  0  0  0  0
  0  0  0  0  0  0  0  0  0  0  0  0
  0  0  0  0  0  0  0  0  0  0  0  0
  0  0  0  0  0  0  0  0  0  0  0  0
  0  0  0  0  0  0  0  0  0  0  0  0
  0  0  0  0  0  0  0  0  0  0  0  0
  0  0  0  0  0  0  0  0  0  0  0  0
  0  0  0  0  0  0  0  0  0  0  0  0
  0  0  0  0  0  0  0  0  0  0  0  0
  0  0  0  0  0  0  0  0  0  0  0  0
  0  0  0  0  0  0  0  0  0  0  0  0
  0  0  0  0  0  0  0  0  0  0  0  0
  0  0  0  0  0  0  0  0  0  0  0  0
  0  0  0  0  0  0  0  0  0  0  0  0
  0  0  0  0  0  0  0  0  0  0  0  0
  0  0  0  0  0  0  0  0  0  0  0  0
  0  0  0  0  0  0  0  0  0  0  0  0
  0  0  0  0  0  0  0  0  0  0  0  0
  0  0  0  0  0  0  0  0  0  0  0  0
  0  0  0  0  0  0  0  0  0  0  0  0
  0  0  0  0  0  0  0  0  0  0  0  0
  0  0  0  0  0  0  0  0  0  0  0  0
  0  0  0  0  0  0  0  0  0  0  0  0
  0  0  0  0  0  0  0  0  0  0  0  0
  0  0  0  0  0  0  0  0  0  0  0  0
  0  0  0  0  0  0  0  0  0  0  0  0
  0  0  0  0  0  0  0  0  0  0  0  0
  0  0  0  0  0  0  0  0  0  0  0  0
  0  0  0  0  0  0  0  0  0  0  0  0
  0  0  0  0  0  0  0  0  0  0  0  0
  0  0  0  0  0  0  0  0  0  0  0  0
  0  0  0  0  0  0  0  0  0  0  0  0
  0  0  0  0  0  0  0  0  0  0  0  0
  0  0  0  0  0  0  0  0  0  0  0  0
  0  0  0  0  0  0  0  0  0  0  0  0
  0  0  0  0  0  0  0  0  0  0  0  0
  0  0  0  0  0  0  0  0  0  0  0  0
  0  0  0  0  0  0  0  0  0  0  0  0
  0  0  0  0  0  0  0  0  0  0  0  0
  0  0  0  0  0  -3000  -3000  -3000  -3000  -3000  -3000  -3000
  -3000  -3000  -3000  -3000  -3000  -2300  -2300  -2300  -2200  -2200  -2200  -2200
  -2200  -2200  -2300  -2300  -2300  -1500  -1500  -1500  -1500  -1500  -1500  -1500
  -1500  -1500  -1500  -1500  -1500  -800  -800  -800  -700  -700  -700  -700
  -700  -700  -800  -800  -800  0  0  0  0  0  0  0
  0  0  0  0  0  600  600  600  700  700  700  700
  700  700  600  600  600  1400  1400  1400  1400  1400  1400  1400
  1400  1400  1400  1400  1400  2100  2100  2100  2200  2200  2200  2200
  2200  2200  2100  2100  2100  0  0  0  0  0  0  0
  0  0  0  0  0  0  0  0  0  0  0  0
  0  0  0  0  0  0  0  0  0  0  0  0
  0  0  0  0  0  0  0  0  0  0  0  0
  0  0  0  0  0  0  0  0  0  0  0  0
  0  0  0  0  0  0  0  0  0  0  0  0
  0  0  0  0  0  0  0  0  0  0  0  0
  0  0  0  0  0  0  0  0  0  0  0  0
  0  0  0  0  0  0  0  0  0  0  0  0
  0  0  0  0  0  0  0  0  0  0  0  0
  0  0  0  0  0  0  0  0  0  0  0  0
  0  0  0  0  0  0  0  0  0  0  0  0
  0  0  0  0  0  0  0  0  0  0  0  0
  0  0  0  0  0  0  0  0  0  0  0  0
  0  0  0  0  0  0  0  0  0  0  0  0
  0  0  0  0  0  0  0  0  0  0  0  0
  0  0  0  0  0  -3300  -3300  -3300  -3200  -3200  -3200  -3200
  -3200  -3200  -3300  -3300  -3300  -2500  -2500  -2500  -2400  -2400  -2400  -2400
  -2400  -2400  -2500  -2500  -2500  -1700  -1700  -1700  -1600  -1600  -1600  -1600
  -1600  -1600  -1700  -1700  -1700  -900  -900  -900  -800  -800  -800  -800
  -800  -800  -900  -900  -900  -100  -100  -100  0  0  0  0
  0  0  -100  -100  -100  600  600  600  700  700  700  700
  700  700  600  600  600  1400  1400  1400  1500  1500  1500  1500
  1500  1500  1400  1400  1400  2200  2200  2200  2300  2300  2300  2300
  2300  2300  2200  2200  2200  0  0  0  0  0  0  0
  0  0  0  0  0  0  0  0  0  0  0  0
  0  0  0  0  0  0  0  0  0  0  0  0
  0  0  0  0  0  0  0  0  0  0  0  0
  0  0  0  0  0  0  0  0  0  0  0  0
  0  0  0  0  0  0  0  0  0  0  0  0
  0  0  0  0  0  0  0  0  0  0  0  0
  0  0  0  0  0  0  0  0  0  0  0  0
  0  0  0  0  0  0  0  0  0  0  0  0
  0  0  0  0  0  0  0  0  0  0  0  0
  0  0  0  0  0  0  0  0  0  0  0  0
  0  0  0  0  0  0  0  0  0  0  0  0
  0  0  0  0  0  0  0  0  0  0  0  0
  0  0  0  0  0  0  0  0  0  0  0  0
  0  0  0  0  0  0  0  0  0  0  0  0
  0  0  0  0  0  0  0  0  0  0  0  0
  0  0  0  0  0  -7300  -7300  -7300  -7200  -7200  -7200  -7200
  -7200  -7200  -7300  -7300  -7300  -5500  -5500  -5500  -5400  -5400  -5400  -5400
  -5400  -5400  -5500  -5500  -5500  -3700  -3700  -3700  -3600  -3600  -3600  -3600
  -3600  -3600  -3700  -3700  -3700  -1900  -1900  -1900  -1800  -1800  -1800  -1800
  -1800  -1800  -1900  -1900  -1900  -100  -100  -100  0  0  0  0
  0  0  -100  -100  -100  1600  1600  1600  1700  1700  1700  1700
  1700  1700  1600  1600  1600  3400  3400  3400  3500  3500  3500  3500
  3500  3500  3400  3400  3400  5200  5200  5200  5300  5300  5300  5300
  5300  5300  5200  5200  5200  0  0  0  0  0  0  0
  0  0  0  0  0  0  0  0  0  0  0  0
  0  0  0  0  0  0  0  0  0  0  0  0
  0  0  0  0  0  0  0  0  0  0  0  0
  0  0  0  0  0  0  0  0  0  0  0  0
  0  0  0  0  0  0  0  0  0  0  0  0
  0  0  0  0  0  0  0  0  0  0  0  0
  0  0  0  0  0  0  0  0  0  0  0  0
  0  0  0  0  0  0  0  0  0  0  0  0
  0  0  0  0  0  0  0  0  0  0  0  0
  0  0  0  0  0  0  0  0  0  0  0  0
  0  0  0  0  0  0  0  0  0  0  0  0
  0  0  0  0  0  0  0  0  0  0  0  0
  0  0  0  0  0  0  0  0  0  0  0  0
  0  0  0  0  0  0  0  0  0  0  0  0
  0  0  0  0  0  0  0  0  0  0  0  0
  0  0  0  0  0  -2500  -2500  -2500  -2400  -2400  -2400  -2400
  -2400  -2400  -2500  -2500  -2500  -1900  -1900  -1900  -1800  -1800  -1800  -1800
  -1800  -1800  -1900  -1900  -1900  -1300  -1300  -1300  -1200  -1200  -1200  -1200
  -1200  -1200  -1300  -1300  -1300  -700  -700  -700  -600  -600  -600  -600
  -600  -600  -700  -700  -700  -100  -100  -100  0  0  0  0
  0  0  -100  -100  -100  400  400  400  500  500  500  500
  500  500  400  400  400  1000  1000  1000  1100  1100  1100  1100
  1100  1100  1000  1000  1000  1600  1600  1600  1700  1700  1700  1700
  1700  1700  1600  1600  1600  0  0  0  0  0  0  0
  0  0  0  0  0  0  0  0  0  0  0  0
  0  0  0  0  0  0  0  0  0  0  0  0
  0  0  0  0  0  0  0  0  0  0  0  0
  0  0  0  0  0  0  0  0  0  0  0  0
  0  0  0  0  0  0  0  0  0  0  0  0
  0  0  0  0  0  0  0  0  0  0  0  0
  0  0  0  0  0  0  0  0  0  0  0  0
  0  0  0  0  0  0  0  0  0  0  0  0
  0  0  0  0  0  0  0  0  0  0  0  0
  0  0  0  0  0  0  0  0  0  0  0  0
  0  0  0  0  0  0  0  0  0  0  0  0
  0  0  0  0  0  0  0  0  0  0  0  0
  0  0  0  0  0  0  0  0  0  0  0  0
  0  0  0  0  0  0  0  0  0  0  0  0
  0  0  0  0  0  0  0  0  0  0  0  0
  0  0  0  0  0  -4500  -4500  -4500  -4400  -4400  -4400  -4400
  -4400  -4400  -4500  -4500  -4500  -3400  -3400  -3400  -3300  -3300  -3300  -3300
  -3300  -3300  -3400  -3400  -3400  -2300  -2300  -2300  -2200  -2200  -2200  -2200
  -2200  -2200  -2300  -2300  -2300  -1200  -1200  -1200  -1100  -1100  -1100  -1100
  -1100  -1100  -1200  -1200  -1200  -100  -100  -100  0  0  0  0
  0  0  -100  -100  -100  900  900  900  1000  1000  1000  1000
  1000  1000  900  900  900  2000  2000  2000  2100  2100  2100  2100
  2100  2100  2000  2000  2000  3100  3100  3100  3200  3200  3200  3200
  3200  3200  3100  3100  3100  0  0  0  0  0  0  0
  0  0  0  0  0  0  0  0  0  0  0  0
  0  0  0  0  0  0  0  0  0  0  0  0
  0  0  0  0  0  0  0  0  0  0  0  0
  0  0  0  0  0  0  0  0  0  0  0  0
  0  0  0  0  0  0  0  0  0  0  0  0
  0  0  0  0  0  0  0  0  0  0  0  0
  0  0  0  0  0  0  0  0  0  0  0  0
  0  0  0  0  0  0  0  0  0  0  0  0
  0  0  0  0  0  0  0  0  0  0  0  0
  0  0  0  0  0  0  0  0  0  0  0  0
  0  0  0  0  0  0  0  0  0  0  0  0
  0  0  0  0  0  0  0  0  0  0  0  0
  0  0  0  0  0  0  0  0  0  0  0  0
  0  0  0  0  0  0  0  0  0  0  0  0
  0  0  0  0  0  0  0  0  0  0  0  0
  0  0  0  0  0  0  0  0  0  0  0  0
  0  0  0  0  0  0  0  0  0  0  0  0
  0  0  0  0  0  0  0  0  0  0  0  0
  0  0  0  0  0  0  0  0  0  0  0  0
  0  0  0  0  0  0  0  0  0  0  0  0
  0  0  0  0  0  0  0  0  0  0  0  0
  0  0  0  0  0  0  0  0  0  0  0  0
  0  0  0  0  0  0  0  0  0  0  0  0
  0  0  0  0  0  0  0  0  0  0  0  0
  0  0  0  0  0  0  0  0  0  0  0  0
  0  0  0  0  0  0  0  0  0  0  0  0
  0  0  0  0  0  0  0  0  0  0  0  0
  0  0  0  0  0  0  0  0  0  0  0  0
  0  0  0  0  0  0  0  0  0  0  0  0
  0  0  0  0  0  0  0  0  0  0  0  0
  0  0  0  0  0  0  0  0  0  0  0  0
  0  0  0  0  0  0  0  0  0  0  0  0
  0  0  0  0  0  0  0  0  0  0  0  0
  0  0  0  0  0  0  0  0  0  0  0  0
  0  0  0  0  0  0  0  0  0  0  0  0
  0  0  0  0  0  0  0  0  0  0  0  0
  0  0  0  0  0  0  0  0  0  0  0  0
  0  0  0  0  0  0  0  0  0  0  0  0
  0  0  0  0  0  0  0  0  0  0  0  0
  0  0  0  0  0  0  0  0  0  0  0  0
  0  0  0  0  0  0  0  0  0  0  0  0
  0  0  0  0  0  0  0  0  0  0  0  0
  0  0  0  0  0  0  0  0  0  0  0  0
  0  0  0  0  0  0  0  0  0  0  0  0
  0  0  0  0  0  0  0  0  0  0  0  0
  0  0  0  0  0  0  0  0  0  0  0  0
  0  0  0  0  0  0  0  0  0  0  0  0
  0  0  0  0  0  0  0  0  0  0  0  0
  0  0  0  0  0  0  0  0  0  0  0  0
  0  0  0  0  0  0  0  0  0  0  0  0
  0  0  0  0  0  0  0  0  0  0  0  0
  0  0  0  0  0  0  0  0  0  0  0  0
  0  0  0  0  0  0  0  0  0  0  0  0
  0  0  0  0  0  0  0  0  0  0  0  0
  0  0  0  0  0  0  0  0  0  0  0  0
  0  0  0  0  0  0  0  0  0  0  0  0
  0  0  0  0  0  0  0  0  0  0  0  0
  0  0  0  0  0  0  0  0  0  0  0  0
  0  0  0  0  0  0  0  0  0  0  0  0
  0  0  0  0  0  0  0  0  0  0  0  0
  0  0  0  0  0  0  0  0  0  0  0  0
  0  0  0  0  0  0  0  0  0  0  0  0
  0  0  0  0  0  0  0  0  0  0  0  0
  0  0  0  0  0
