piece_vals:{P(100;160) GB(130;170) RC(310;375) Ln(300;380) K(500;0) FK(1450;0) L(2200;0) 
DK(790;1275) DH(755;1250) R(535;570) B(410;470) Ky(388;2200) Ph(505;1450) DE(270;500) 
BT(196;290) FL(202;250) G(280;393) S(190;230) C(150;220) VM(400;670) SM(382;630) }
king_tropism_vals:{P(0;5) GB(0;4) RC(1;2) Ln(1;3) K(0;0) FK(1;0) L(7;0) 
DK(2;1) DH(1;1) R(0;1) B(0;1) Ky(1;10) Ph(1;6) DE(0;0) 
BT(0;0) FL(0;2) G(1;5) S(1;3) C(0;3) VM(0;1) SM(0;1) }
mobility_square_count:{1,1,1}
mobility_square_control:{1,1,1}
mobility_promotion_control:{1,1,1}
protected_piece:{2,2,2}
lion_protected:{-15,25,50,60}
lion_free:{-250,-100,-10,30}
king_attacked:{1}
king_safe:{-150,-50,-5,20}
piece_square_bonus:{
P:{
  {
      0    0    0    0    0    0    0    0    0    0    0    0      0    0    0    0    0    0    0    0    0    0    0    0
      0    0    0    0    0    0    0    0    0    0    0    0      0    0    0    0    0    0    0    0    0    0    0    0
      0    0    0    0    0    0    0    0    0    0    0    0      0    0    0    0    0    0    0    0    0    0    0    0
      0    0    0    0    0    0    0    0    0    0    0    0      0    0    0    0    0    0    0    0    0    0    0    0
      0    0    0    0    0    0    0    0    0    0    0    0      0    0    0    0    0    0    0    0    0    0    0    0
    -10  -10  -10  -10  -10  -10  -10  -10  -10  -10  -10  -10      0    0    0    0    0    0    0    0    0    0    0    0
     -5   -5   -5   -5   -5   -5   -5   -5   -5   -5   -5   -5      0    0    0    0    0    0    0    0    0    0    0    0
     40    0    0    0   25    0    0    0    0    0    0   40      0    0    0    0    0    0    0    0    0    0    0    0
      0    0    0    0    0    0    0    0    0    0    0    0      0    0    0    0    0    0    0    0    0    0    0    0
      0    0    0    0    0    0    0    0    0    0    0    0      0    0    0    0    0    0    0    0    0    0    0    0
      0    0    0    0    0    0    0    0    0    0    0    0      0    0    0    0    0    0    0    0    0    0    0    0
      0    0    0    0    0    0    0    0    0    0    0    0      0    0    0    0    0    0    0    0    0    0    0    0
  }
  {
      0    0    0    0    0    0    0    0    0    0    0    0      0    0    0    0    0    0    0    0    0    0    0    0
      0    0    0    0    0    0    0    0    0    0    0    0      0    0    0    0    0    0    0    0    0    0    0    0
      0    0    0    0    0    0    0    0    0    0    0    0      0    0    0    0    0    0    0    0    0    0    0    0
      0    0    0    0    0    0    0    0    0    0    0    0      0    0    0    0    0    0    0    0    0    0    0    0
     30   18   18   19   19   19   19   19   19   18   18   30      0    0    0    0    0    0    0    0    0    0    0    0
     22   12   12   12   12   12   12   12   12   12   12   22      0    0    0    0    0    0    0    0    0    0    0    0
     13    5    5    6    6    6    6    6    6    5    5   13      0    0    0    0    0    0    0    0    0    0    0    0
     18    0    0    0    9    0    0    0    0    0    0   18      0    0    0    0    0    0    0    0    0    0    0    0
     -7   -7   -7   -6   -6   -6   -6   -6   -6   -7   -7   -7      0    0    0    0    0    0    0    0    0    0    0    0
    -18  -13  -13  -13  -13  -13  -13  -13  -13  -13  -13  -18      0    0    0    0    0    0    0    0    0    0    0    0
    -32  -20  -20  -19  -19  -19  -19  -19  -19  -20  -20  -32      0    0    0    0    0    0    0    0    0    0    0    0
    -45  -26  -26  -26  -26  -26  -26  -26  -26  -26  -26  -45      0    0    0    0    0    0    0    0    0    0    0    0
  }
  {
      0    0    0    0    0    0    0    0    0    0    0    0      0    0    0    0    0    0    0    0    0    0    0    0
      0    0    0    0    0    0    0    0    0    0    0    0      0    0    0    0    0    0    0    0    0    0    0    0
      0    0    0    0    0    0    0    0    0    0    0    0      0    0    0    0    0    0    0    0    0    0    0    0
      0    0    0    0    0    0    0    0    0    0    0    0      0    0    0    0    0    0    0    0    0    0    0    0
     37   37   37   38   38   38   38   38   38   37   37   37      0    0    0    0    0    0    0    0    0    0    0    0
     24   24   24   25   25   25   25   25   25   24   24   24      0    0    0    0    0    0    0    0    0    0    0    0
     11   11   11   12   12   12   12   12   12   11   11   11      0    0    0    0    0    0    0    0    0    0    0    0
     -1   -1   -1    0    0    0    0    0    0   -1   -1   -1      0    0    0    0    0    0    0    0    0    0    0    0
    -14  -14  -14  -13  -13  -13  -13  -13  -13  -14  -14  -14      0    0    0    0    0    0    0    0    0    0    0    0
    -27  -27  -27  -26  -26  -26  -26  -26  -26  -27  -27  -27      0    0    0    0    0    0    0    0    0    0    0    0
    -40  -40  -40  -39  -39  -39  -39  -39  -39  -40  -40  -40      0    0    0    0    0    0    0    0    0    0    0    0
    -53  -53  -53  -52  -52  -52  -52  -52  -52  -53  -53  -53      0    0    0    0    0    0    0    0    0    0    0    0
  }
}
GB:{
  {
      0    0    0    0    0    0    0    0    0    0    0    0      0    0    0    0    0    0    0    0    0    0    0    0
      0    0    0    0    0    0    0    0    0    0    0    0      0    0    0    0    0    0    0    0    0    0    0    0
      0    0    0    0    0    0    0    0    0    0    0    0      0    0    0    0    0    0    0    0    0    0    0    0
      0    0    0    0    0    0    0    0    0    0    0    0      0    0    0    0    0    0    0    0    0    0    0    0
      0    0    0    0    0    0    0    0    0    0    0    0      0    0    0    0    0    0    0    0    0    0    0    0
      0    0    0    0    0    0    0    0    0    0    0    0      0    0    0    0    0    0    0    0    0    0    0    0
      0    0    0    0    0    0    0    0    0    0    0    0      0    0    0    0    0    0    0    0    0    0    0    0
      0    0    0    0    0    0    0    0    0    0    0    0      0    0    0    0    0    0    0    0    0    0    0    0
      0    0    0    0    0    0    0    0    0    0    0    0      0    0    0    0    0    0    0    0    0    0    0    0
      0    0    0    0    0    0    0    0    0    0    0    0      0    0    0    0    0    0    0    0    0    0    0    0
      0    0    0    0    0    0    0    0    0    0    0    0      0    0    0    0    0    0    0    0    0    0    0    0
      0    0    0    0    0    0    0    0    0    0    0    0      0    0    0    0    0    0    0    0    0    0    0    0
  }
  {
      0    0    0    0    0    0    0    0    0    0    0    0      0    0    0    0    0    0    0    0    0    0    0    0
      0    0    0    0    0    0    0    0    0    0    0    0      0    0    0    0    0    0    0    0    0    0    0    0
      0    0    0    0    0    0    0    0    0    0    0    0      0    0    0    0    0    0    0    0    0    0    0    0
      0    0    0    0    0    0    0    0    0    0    0    0      0    0    0    0    0    0    0    0    0    0    0    0
      8    8    8    8    8    8    8    8    8    8    8    8      0    0    0    0    0    0    0    0    0    0    0    0
      5    5    5    5    5    5    5    5    5    5    5    5      0    0    0    0    0    0    0    0    0    0    0    0
      2    2    2    2    2    2    2    2    2    2    2    2      0    0    0    0    0    0    0    0    0    0    0    0
      0    0    0    0    0    0    0    0    0    0    0    0      0    0    0    0    0    0    0    0    0    0    0    0
     -3   -3   -3   -3   -3   -3   -3   -3   -3   -3   -3   -3      0    0    0    0    0    0    0    0    0    0    0    0
     -6   -6   -6   -6   -6   -6   -6   -6   -6   -6   -6   -6      0    0    0    0    0    0    0    0    0    0    0    0
     -9   -9   -9   -9   -9   -9   -9   -9   -9   -9   -9   -9      0    0    0    0    0    0    0    0    0    0    0    0
    -12  -12  -12  -12  -12  -12  -12  -12  -12  -12  -12  -12      0    0    0    0    0    0    0    0    0    0    0    0
  }
  {
      0    0    0    0    0    0    0    0    0    0    0    0      0    0    0    0    0    0    0    0    0    0    0    0
      0    0    0    0    0    0    0    0    0    0    0    0      0    0    0    0    0    0    0    0    0    0    0    0
      0    0    0    0    0    0    0    0    0    0    0    0      0    0    0    0    0    0    0    0    0    0    0    0
      0    0    0    0    0    0    0    0    0    0    0    0      0    0    0    0    0    0    0    0    0    0    0    0
     16   16   16   17   17   17   17   17   17   16   16   16      0    0    0    0    0    0    0    0    0    0    0    0
     10   10   10   11   11   11   11   11   11   10   10   10      0    0    0    0    0    0    0    0    0    0    0    0
      4    4    4    5    5    5    5    5    5    4    4    4      0    0    0    0    0    0    0    0    0    0    0    0
     -1   -1   -1    0    0    0    0    0    0   -1   -1   -1      0    0    0    0    0    0    0    0    0    0    0    0
     -7   -7   -7   -6   -6   -6   -6   -6   -6   -7   -7   -7      0    0    0    0    0    0    0    0    0    0    0    0
    -13  -13  -13  -12  -12  -12  -12  -12  -12  -13  -13  -13      0    0    0    0    0    0    0    0    0    0    0    0
    -19  -19  -19  -18  -18  -18  -18  -18  -18  -19  -19  -19      0    0    0    0    0    0    0    0    0    0    0    0
    -25  -25  -25  -24  -24  -24  -24  -24  -24  -25  -25  -25      0    0    0    0    0    0    0    0    0    0    0    0
  }
}
RC:{
  {
      0    0    0    0    0    0    0    0    0    0    0    0      0    0    0    0    0    0    0    0    0    0    0    0
      0    0    0    0    0    0    0    0    0    0    0    0      0    0    0    0    0    0    0    0    0    0    0    0
      0    0    0    0    0    0    0    0    0    0    0    0      0    0    0    0    0    0    0    0    0    0    0    0
      0    0    0    0    0    0    0    0    0    0    0    0      0    0    0    0    0    0    0    0    0    0    0    0
      0    0    0    0    0    0    0    0    0    0    0    0      0    0    0    0    0    0    0    0    0    0    0    0
      0    0    0    0    0    0    0    0    0    0    0    0      0    0    0    0    0    0    0    0    0    0    0    0
      0    0    0    0    0    0    0    0    0    0    0    0      0    0    0    0    0    0    0    0    0    0    0    0
      0    0    0    0    0    0    0    0    0    0    0    0      0    0    0    0    0    0    0    0    0    0    0    0
      0    0    0    0    0    0    0    0    0    0    0    0      0    0    0    0    0    0    0    0    0    0    0    0
      0    0    0    0    0    0    0    0    0    0    0    0      0    0    0    0    0    0    0    0    0    0    0    0
      0    0    0    0    0    0    0    0    0    0    0    0      0    0    0    0    0    0    0    0    0    0    0    0
      0    0    0    0    0    0    0    0    0    0    0    0      0    0    0    0    0    0    0    0    0    0    0    0
  }
  {
      0    0    0    0    0    0    0    0    0    0    0    0      0    0    0    0    0    0    0    0    0    0    0    0
      0    0    0    0    0    0    0    0    0    0    0    0      0    0    0    0    0    0    0    0    0    0    0    0
      0    0    0    0    0    0    0    0    0    0    0    0      0    0    0    0    0    0    0    0    0    0    0    0
      0    0    0    0    0    0    0    0    0    0    0    0      0    0    0    0    0    0    0    0    0    0    0    0
      0    0    0    0    0    0    0    0    0    0    0    0      0    0    0    0    0    0    0    0    0    0    0    0
      0    0    0    0    0    0    0    0    0    0    0    0      0    0    0    0    0    0    0    0    0    0    0    0
      0    0    0    0    0    0    0    0    0    0    0    0      0    0    0    0    0    0    0    0    0    0    0    0
      0    0    0    0    0    0    0    0    0    0    0    0      0    0    0    0    0    0    0    0    0    0    0    0
      0    0    0    0    0    0    0    0    0    0    0    0      0    0    0    0    0    0    0    0    0    0    0    0
      0    0    0    0    0    0    0    0    0    0    0    0      0    0    0    0    0    0    0    0    0    0    0    0
      0    0    0    0    0    0    0    0    0    0    0    0      0    0    0    0    0    0    0    0    0    0    0    0
      0    0    0    0    0    0    0    0    0    0    0    0      0    0    0    0    0    0    0    0    0    0    0    0
  }
  {
      0    0    0    0    0    0    0    0    0    0    0    0      0    0    0    0    0    0    0    0    0    0    0    0
      0    0    0    0    0    0    0    0    0    0    0    0      0    0    0    0    0    0    0    0    0    0    0    0
      0    0    0    0    0    0    0    0    0    0    0    0      0    0    0    0    0    0    0    0    0    0    0    0
      0    0    0    0    0    0    0    0    0    0    0    0      0    0    0    0    0    0    0    0    0    0    0    0
      0    0    0    0    0    0    0    0    0    0    0    0      0    0    0    0    0    0    0    0    0    0    0    0
      0    0    0    0    0    0    0    0    0    0    0    0      0    0    0    0    0    0    0    0    0    0    0    0
      0    0    0    0    0    0    0    0    0    0    0    0      0    0    0    0    0    0    0    0    0    0    0    0
      0    0    0    0    0    0    0    0    0    0    0    0      0    0    0    0    0    0    0    0    0    0    0    0
      0    0    0    0    0    0    0    0    0    0    0    0      0    0    0    0    0    0    0    0    0    0    0    0
      0    0    0    0    0    0    0    0    0    0    0    0      0    0    0    0    0    0    0    0    0    0    0    0
      0    0    0    0    0    0    0    0    0    0    0    0      0    0    0    0    0    0    0    0    0    0    0    0
      0    0    0    0    0    0    0    0    0    0    0    0      0    0    0    0    0    0    0    0    0    0    0    0
  }
}
Ln:{
  {
      0    0    0    0    0    0    0    0    0    0    0    0      0    0    0    0    0    0    0    0    0    0    0    0
      0    0    0    0    0    0    0    0    0    0    0    0      0    0    0    0    0    0    0    0    0    0    0    0
      0    0    0    0    0    0    0    0    0    0    0    0      0    0    0    0    0    0    0    0    0    0    0    0
      0    0    0    0    0    0    0    0    0    0    0    0      0    0    0    0    0    0    0    0    0    0    0    0
      0    0    0    0    0    0    0    0    0    0    0    0      0    0    0    0    0    0    0    0    0    0    0    0
      0    0    0    0    0    0    0    0    0    0    0    0      0    0    0    0    0    0    0    0    0    0    0    0
      0    0    0    0    0    0    0    0    0    0    0    0      0    0    0    0    0    0    0    0    0    0    0    0
      0    0    0    0    0    0    0    0    0    0    0    0      0    0    0    0    0    0    0    0    0    0    0    0
      0    0    0    0    0    0    0    0    0    0    0    0      0    0    0    0    0    0    0    0    0    0    0    0
      0    0    0    0    0    0    0    0    0    0    0    0      0    0    0    0    0    0    0    0    0    0    0    0
      0    0    0    0    0    0    0    0    0    0    0    0      0    0    0    0    0    0    0    0    0    0    0    0
      0    0    0    0    0    0    0    0    0    0    0    0      0    0    0    0    0    0    0    0    0    0    0    0
  }
  {
      0    0    0    0    0    0    0    0    0    0    0    0      0    0    0    0    0    0    0    0    0    0    0    0
      0    0    0    0    0    0    0    0    0    0    0    0      0    0    0    0    0    0    0    0    0    0    0    0
      0    0    0    0    0    0    0    0    0    0    0    0      0    0    0    0    0    0    0    0    0    0    0    0
      0    0    0    0    0    0    0    0    0    0    0    0      0    0    0    0    0    0    0    0    0    0    0    0
      0    0    0    0    0    0    0    0    0    0    0    0      0    0    0    0    0    0    0    0    0    0    0    0
      0    0    0    0    0    0    0    0    0    0    0    0      0    0    0    0    0    0    0    0    0    0    0    0
      0    0    0    0    0    0    0    0    0    0    0    0      0    0    0    0    0    0    0    0    0    0    0    0
      0    0    0    0    0    0    0    0    0    0    0    0      0    0    0    0    0    0    0    0    0    0    0    0
      0    0    0    0    0    0    0    0    0    0    0    0      0    0    0    0    0    0    0    0    0    0    0    0
      0    0    0    0    0    0    0    0    0    0    0    0      0    0    0    0    0    0    0    0    0    0    0    0
      0    0    0    0    0    0    0    0    0    0    0    0      0    0    0    0    0    0    0    0    0    0    0    0
      0    0    0    0    0    0    0    0    0    0    0    0      0    0    0    0    0    0    0    0    0    0    0    0
  }
  {
      0    0    0    0    0    0    0    0    0    0    0    0      0    0    0    0    0    0    0    0    0    0    0    0
      0    0    0    0    0    0    0    0    0    0    0    0      0    0    0    0    0    0    0    0    0    0    0    0
      0    0    0    0    0    0    0    0    0    0    0    0      0    0    0    0    0    0    0    0    0    0    0    0
      0    0    0    0    0    0    0    0    0    0    0    0      0    0    0    0    0    0    0    0    0    0    0    0
      0    0    0    0    0    0    0    0    0    0    0    0      0    0    0    0    0    0    0    0    0    0    0    0
      0    0    0    0    0    0    0    0    0    0    0    0      0    0    0    0    0    0    0    0    0    0    0    0
      0    0    0    0    0    0    0    0    0    0    0    0      0    0    0    0    0    0    0    0    0    0    0    0
      0    0    0    0    0    0    0    0    0    0    0    0      0    0    0    0    0    0    0    0    0    0    0    0
      0    0    0    0    0    0    0    0    0    0    0    0      0    0    0    0    0    0    0    0    0    0    0    0
      0    0    0    0    0    0    0    0    0    0    0    0      0    0    0    0    0    0    0    0    0    0    0    0
      0    0    0    0    0    0    0    0    0    0    0    0      0    0    0    0    0    0    0    0    0    0    0    0
      0    0    0    0    0    0    0    0    0    0    0    0      0    0    0    0    0    0    0    0    0    0    0    0
  }
}
K:{
  {
    -50  -50  -50  -50  -50  -50  -50  -50  -50  -50  -50  -50      0    0    0    0    0    0    0    0    0    0    0    0
    -50  -50  -50  -50  -50  -50  -50  -50  -50  -50  -50  -50      0    0    0    0    0    0    0    0    0    0    0    0
    -50  -50  -50  -50  -50  -50  -50  -50  -50  -50  -50  -50      0    0    0    0    0    0    0    0    0    0    0    0
    -50  -50  -50  -50  -50  -50  -50  -50  -50  -50  -50  -50      0    0    0    0    0    0    0    0    0    0    0    0
    -50  -50  -50  -50  -50  -50  -50  -50  -50  -50  -50  -50      0    0    0    0    0    0    0    0    0    0    0    0
    -50  -50  -50  -50  -50  -50  -50  -50  -50  -50  -50  -50      0    0    0    0    0    0    0    0    0    0    0    0
    -50  -50  -50  -50  -50  -50  -50  -50  -50  -50  -50  -50      0    0    0    0    0    0    0    0    0    0    0    0
    -50  -50  -50  -50  -50  -50  -50  -50  -50  -50  -50  -50      0    0    0    0    0    0    0    0    0    0    0    0
    -50  -50  -50  -50  -50  -50  -50  -50  -50  -50  -50  -50      0    0    0    0    0    0    0    0    0    0    0    0
    -50  -50  -50  -50  -50  -50  -50  -50  -50  -50  -50  -50      0    0    0    0    0    0    0    0    0    0    0    0
    -50  -50  -50  -50  -50  -50  -50  -50  -50  -50  -50  -50      0    0    0    0    0    0    0    0    0    0    0    0
    -15   -7   -3   -1    2   25   15    2   -1   -3   -7  -15      0    0    0    0    0    0    0    0    0    0    0    0
  }
  {
    -20  -20  -20  -20  -20  -20  -20  -20  -20  -20  -20  -20      0    0    0    0    0    0    0    0    0    0    0    0
    -20  -20  -20  -20  -20  -20  -20  -20  -20  -20  -20  -20      0    0    0    0    0    0    0    0    0    0    0    0
    -20  -20  -20  -20  -20  -20  -20  -20  -20  -20  -20  -20      0    0    0    0    0    0    0    0    0    0    0    0
    -20  -20  -20  -20  -20  -20  -20  -20  -20  -20  -20  -20      0    0    0    0    0    0    0    0    0    0    0    0
    -20  -20  -20  -20  -20  -20  -20  -20  -20  -20  -20  -20      0    0    0    0    0    0    0    0    0    0    0    0
    -20  -20  -20  -20  -20  -20  -20  -20  -20  -20  -20  -20      0    0    0    0    0    0    0    0    0    0    0    0
    -20  -20  -20  -20  -20  -20  -20  -20  -20  -20  -20  -20      0    0    0    0    0    0    0    0    0    0    0    0
    -20  -20  -20  -20  -20  -20  -20  -20  -20  -20  -20  -20      0    0    0    0    0    0    0    0    0    0    0    0
    -20  -20  -20  -20  -20  -20  -20  -20  -20  -20  -20  -20      0    0    0    0    0    0    0    0    0    0    0    0
    -20  -20  -20  -20  -20  -20  -20  -20  -20  -20  -20  -20      0    0    0    0    0    0    0    0    0    0    0    0
    -20  -20  -20  -20  -20  -20  -20  -20  -20  -20  -20  -20      0    0    0    0    0    0    0    0    0    0    0    0
    -15   -7   -3   -1    2   25   15    2   -1   -3   -7  -15      0    0    0    0    0    0    0    0    0    0    0    0
  }
  {
      0    0    0    0    0    0    0    0    0    0    0    0      0    0    0    0    0    0    0    0    0    0    0    0
      0    0    0    0    0    0    0    0    0    0    0    0      0    0    0    0    0    0    0    0    0    0    0    0
      0    0    0    0    0    0    0    0    0    0    0    0      0    0    0    0    0    0    0    0    0    0    0    0
      0    0    0    0    0    0    0    0    0    0    0    0      0    0    0    0    0    0    0    0    0    0    0    0
      0    0    0    0    0    0    0    0    0    0    0    0      0    0    0    0    0    0    0    0    0    0    0    0
      0    0    0    0    0    0    0    0    0    0    0    0      0    0    0    0    0    0    0    0    0    0    0    0
      0    0    0    0    0    0    0    0    0    0    0    0      0    0    0    0    0    0    0    0    0    0    0    0
      0    0    0    0    0    0    0    0    0    0    0    0      0    0    0    0    0    0    0    0    0    0    0    0
      0    0    0    0    0    0    0    0    0    0    0    0      0    0    0    0    0    0    0    0    0    0    0    0
      0    0    0    0    0    0    0    0    0    0    0    0      0    0    0    0    0    0    0    0    0    0    0    0
      0    0    0    0    0    0    0    0    0    0    0    0      0    0    0    0    0    0    0    0    0    0    0    0
    -15   -7   -3   -1    2   25   15    2   -1   -3   -7  -15      0    0    0    0    0    0    0    0    0    0    0    0
  }
}
FK:{
  {
    -10  -10  -10  -10  -10  -10  -10  -10  -10  -10  -10  -10      0    0    0    0    0    0    0    0    0    0    0    0
    -10  -10  -10  -10  -10  -10  -10  -10  -10  -10  -10  -10      0    0    0    0    0    0    0    0    0    0    0    0
    -10  -10  -10  -10  -10  -10  -10  -10  -10  -10  -10  -10      0    0    0    0    0    0    0    0    0    0    0    0
    -10  -10  -10  -10  -10  -10  -10  -10  -10  -10  -10  -10      0    0    0    0    0    0    0    0    0    0    0    0
    -10  -10  -10  -10  -10  -10  -10  -10  -10  -10  -10  -10      0    0    0    0    0    0    0    0    0    0    0    0
    -10  -10  -10  -10  -10  -10  -10  -10  -10  -10  -10  -10      0    0    0    0    0    0    0    0    0    0    0    0
    -10  -10  -10  -10  -10  -10  -10  -10  -10  -10  -10  -10      0    0    0    0    0    0    0    0    0    0    0    0
    -10  -10  -10  -10  -10  -10  -10  -10  -10  -10  -10  -10      0    0    0    0    0    0    0    0    0    0    0    0
      0    0    0    0    0    0    0    0    0    0    0    0      0    0    0    0    0    0    0    0    0    0    0    0
      0    0    0    0    0    0    0    0    0    0    0    0      0    0    0    0    0    0    0    0    0    0    0    0
      8    8    8    8    8    8    8    8    8    8    8    8      0    0    0    0    0    0    0    0    0    0    0    0
     30   30   30   30   30   30   30   30   30   30   30   30      0    0    0    0    0    0    0    0    0    0    0    0
  }
  {
     -5   -5   -5   -5   -5   -5   -5   -5   -5   -5   -5   -5      0    0    0    0    0    0    0    0    0    0    0    0
     -5   -5   -5   -5   -5   -5   -5   -5   -5   -5   -5   -5      0    0    0    0    0    0    0    0    0    0    0    0
     -5   -5   -5   -5   -5   -5   -5   -5   -5   -5   -5   -5      0    0    0    0    0    0    0    0    0    0    0    0
     -5   -5   -5   -5   -5   -5   -5   -5   -5   -5   -5   -5      0    0    0    0    0    0    0    0    0    0    0    0
     -5   -5   -5   -5   -5   -5   -5   -5   -5   -5   -5   -5      0    0    0    0    0    0    0    0    0    0    0    0
     -5   -5   -5   -5   -5   -5   -5   -5   -5   -5   -5   -5      0    0    0    0    0    0    0    0    0    0    0    0
     -5   -5   -5   -5   -5   -5   -5   -5   -5   -5   -5   -5      0    0    0    0    0    0    0    0    0    0    0    0
     -5   -5   -5   -5   -5   -5   -5   -5   -5   -5   -5   -5      0    0    0    0    0    0    0    0    0    0    0    0
      0    0    0    0    0    0    0    0    0    0    0    0      0    0    0    0    0    0    0    0    0    0    0    0
      0    0    0    0    0    0    0    0    0    0    0    0      0    0    0    0    0    0    0    0    0    0    0    0
      4    4    4    4    4    4    4    4    4    4    4    4      0    0    0    0    0    0    0    0    0    0    0    0
     15   15   15   15   15   15   15   15   15   15   15   15      0    0    0    0    0    0    0    0    0    0    0    0
  }
  {
     -3   -3   -3   -2   -2   -2   -2   -2   -2   -3   -3   -3      0    0    0    0    0    0    0    0    0    0    0    0
     -3   -3   -2   -2   -2   -1   -1   -2   -2   -2   -3   -3      0    0    0    0    0    0    0    0    0    0    0    0
     -3   -2   -2   -2   -1   -1   -1   -1   -2   -2   -2   -3      0    0    0    0    0    0    0    0    0    0    0    0
     -2   -2   -2   -1   -1   -1   -1   -1   -1   -2   -2   -2      0    0    0    0    0    0    0    0    0    0    0    0
     -2   -2   -1   -1   -1    0    0   -1   -1   -1   -2   -2      0    0    0    0    0    0    0    0    0    0    0    0
     -2   -1   -1   -1    0    0    0    0   -1   -1   -1   -2      0    0    0    0    0    0    0    0    0    0    0    0
     -2   -1   -1   -1    0    0    0    0   -1   -1   -1   -2      0    0    0    0    0    0    0    0    0    0    0    0
     -2   -2   -1   -1   -1    0    0   -1   -1   -1   -2   -2      0    0    0    0    0    0    0    0    0    0    0    0
     -2   -2   -2   -1   -1   -1   -1   -1   -1   -2   -2   -2      0    0    0    0    0    0    0    0    0    0    0    0
     -3   -2   -2   -2   -1   -1   -1   -1   -2   -2   -2   -3      0    0    0    0    0    0    0    0    0    0    0    0
     -3   -3   -2   -2   -2   -1   -1   -2   -2   -2   -3   -3      0    0    0    0    0    0    0    0    0    0    0    0
     -3   -3   -3   -2   -2   -2   -2   -2   -2   -3   -3   -3      0    0    0    0    0    0    0    0    0    0    0    0
  }
}
L:{
  {
   -105  -55   45  170  170  170  170  170  170   45  -55 -105      0    0    0    0    0    0    0    0    0    0    0    0
    -70  -20   55  180  180  180  180  180  180   55  -20  -70      0    0    0    0    0    0    0    0    0    0    0    0
     15   40   65  190  190  190  190  190  190   65   40   15      0    0    0    0    0    0    0    0    0    0    0    0
    125  150  175  200  200  200  200  200  200  175  150  125      0    0    0    0    0    0    0    0    0    0    0    0
    125  150  175  200  200  200  200  200  200  175  150  125      0    0    0    0    0    0    0    0    0    0    0    0
    125  150  175  200  200  200  200  200  200  175  150  125      0    0    0    0    0    0    0    0    0    0    0    0
    125  150  175  200  200  200  200  200  200  175  150  125      0    0    0    0    0    0    0    0    0    0    0    0
    125  150  175  200  200  200  200  200  200  175  150  125      0    0    0    0    0    0    0    0    0    0    0    0
    123  148  173  198  198  198  198  198  198  173  148  123      0    0    0    0    0    0    0    0    0    0    0    0
    121  146  171  196  196  196  196  196  196  171  146  121      0    0    0    0    0    0    0    0    0    0    0    0
    119  144  169  194  194  194  194  194  194  169  144  119      0    0    0    0    0    0    0    0    0    0    0    0
    117  142  167  192  192  192  192  192  192  167  142  117      0    0    0    0    0    0    0    0    0    0    0    0
  }
  {
   -195 -160  -75   35   35   35   35   35   35  -75 -160 -195      0    0    0    0    0    0    0    0    0    0    0    0
   -165 -130  -70   40   40   40   40   40   40  -70 -130 -165      0    0    0    0    0    0    0    0    0    0    0    0
    -85  -75  -65   45   45   45   45   45   45  -65  -75  -85      0    0    0    0    0    0    0    0    0    0    0    0
     20   30   40   50   50   50   50   50   50   40   30   20      0    0    0    0    0    0    0    0    0    0    0    0
     20   30   40   50   50   50   50   50   50   40   30   20      0    0    0    0    0    0    0    0    0    0    0    0
     20   30   40   50   50   50   50   50   50   40   30   20      0    0    0    0    0    0    0    0    0    0    0    0
     20   30   40   50   50   50   50   50   50   40   30   20      0    0    0    0    0    0    0    0    0    0    0    0
     20   30   40   50   50   50   50   50   50   40   30   20      0    0    0    0    0    0    0    0    0    0    0    0
     18   28   38   48   48   48   48   48   48   38   28   18      0    0    0    0    0    0    0    0    0    0    0    0
     16   26   36   46   46   46   46   46   46   36   26   16      0    0    0    0    0    0    0    0    0    0    0    0
     14   24   34   44   44   44   44   44   44   34   24   14      0    0    0    0    0    0    0    0    0    0    0    0
     12   22   32   42   42   42   42   42   42   32   22   12      0    0    0    0    0    0    0    0    0    0    0    0
  }
  {
   -171 -141  -61   -6   -6   -6   -6   -6   -6  -61 -141 -171      0    0    0    0    0    0    0    0    0    0    0    0
   -144 -114  -59   -4   -4   -4   -4   -4   -4  -59 -114 -144      0    0    0    0    0    0    0    0    0    0    0    0
    -67  -62  -57   -2   -2   -2   -2   -2   -2  -57  -62  -67      0    0    0    0    0    0    0    0    0    0    0    0
    -15  -10   -5    0    0    0    0    0    0   -5  -10  -15      0    0    0    0    0    0    0    0    0    0    0    0
    -15  -10   -5    0    0    0    0    0    0   -5  -10  -15      0    0    0    0    0    0    0    0    0    0    0    0
    -15  -10   -5    0    0    0    0    0    0   -5  -10  -15      0    0    0    0    0    0    0    0    0    0    0    0
    -15  -10   -5    0    0    0    0    0    0   -5  -10  -15      0    0    0    0    0    0    0    0    0    0    0    0
    -15  -10   -5    0    0    0    0    0    0   -5  -10  -15      0    0    0    0    0    0    0    0    0    0    0    0
    -17  -12   -7   -2   -2   -2   -2   -2   -2   -7  -12  -17      0    0    0    0    0    0    0    0    0    0    0    0
    -19  -14   -9   -4   -4   -4   -4   -4   -4   -9  -14  -19      0    0    0    0    0    0    0    0    0    0    0    0
    -21  -16  -11   -6   -6   -6   -6   -6   -6  -11  -16  -21      0    0    0    0    0    0    0    0    0    0    0    0
    -23  -18  -13   -8   -8   -8   -8   -8   -8  -13  -18  -23      0    0    0    0    0    0    0    0    0    0    0    0
  }
}
DK:{
  {
      0    0    0    0    0    0    0    0    0    0    0    0      0    0    0    0    0    0    0    0    0    0    0    0
      0    0    0    0    0    0    0    0    0    0    0    0      0    0    0    0    0    0    0    0    0    0    0    0
      0    0    0    0    0    0    0    0    0    0    0    0      0    0    0    0    0    0    0    0    0    0    0    0
      0    0    0    0    0    0    0    0    0    0    0    0      0    0    0    0    0    0    0    0    0    0    0    0
      0    0    0    0    0    0    0    0    0    0    0    0      0    0    0    0    0    0    0    0    0    0    0    0
      0    0    0    0    0    0    0    0    0    0    0    0      0    0    0    0    0    0    0    0    0    0    0    0
      0    0    0    0    0    0    0    0    0    0    0    0      0    0    0    0    0    0    0    0    0    0    0    0
      0    0    0    0    0    0    0    0    0    0    0    0      0    0    0    0    0    0    0    0    0    0    0    0
      0    0    0    0    0    0    0    0    0    0    0    0      0    0    0    0    0    0    0    0    0    0    0    0
      0    0    0    0    0    0    0    0    0    0    0    0      0    0    0    0    0    0    0    0    0    0    0    0
     20   20   20   20   20   20   20   20   20   20   20   20      0    0    0    0    0    0    0    0    0    0    0    0
     20   20   20   20   20   20   20   20   20   20   20   20      0    0    0    0    0    0    0    0    0    0    0    0
  }
  {
      0    0    0    0    0    0    0    0    0    0    0    0      0    0    0    0    0    0    0    0    0    0    0    0
      0    0    0    0    0    0    0    0    0    0    0    0      0    0    0    0    0    0    0    0    0    0    0    0
      0    0    0    0    0    0    0    0    0    0    0    0      0    0    0    0    0    0    0    0    0    0    0    0
      0    0    0    0    0    0    0    0    0    0    0    0      0    0    0    0    0    0    0    0    0    0    0    0
      0    0    0    0    0    0    0    0    0    0    0    0      0    0    0    0    0    0    0    0    0    0    0    0
      0    0    0    0    0    0    0    0    0    0    0    0      0    0    0    0    0    0    0    0    0    0    0    0
      0    0    0    0    0    0    0    0    0    0    0    0      0    0    0    0    0    0    0    0    0    0    0    0
      0    0    0    0    0    0    0    0    0    0    0    0      0    0    0    0    0    0    0    0    0    0    0    0
      0    0    0    0    0    0    0    0    0    0    0    0      0    0    0    0    0    0    0    0    0    0    0    0
      0    0    0    0    0    0    0    0    0    0    0    0      0    0    0    0    0    0    0    0    0    0    0    0
     10   10   10   10   10   10   10   10   10   10   10   10      0    0    0    0    0    0    0    0    0    0    0    0
     10   10   10   10   10   10   10   10   10   10   10   10      0    0    0    0    0    0    0    0    0    0    0    0
  }
  {
     -3   -3   -3   -2   -2   -2   -2   -2   -2   -3   -3   -3     -3   -3   -3   -2   -2   -2   -2   -2   -2   -3   -3   -3
     -3   -3   -2   -2   -2   -1   -1   -2   -2   -2   -3   -3     -3   -3   -2   -2   -2   -1   -1   -2   -2   -2   -3   -3
     -3   -2   -2   -2   -1   -1   -1   -1   -2   -2   -2   -3     -3   -2   -2   -2   -1   -1   -1   -1   -2   -2   -2   -3
     -2   -2   -2   -1   -1   -1   -1   -1   -1   -2   -2   -2     -2   -2   -2   -1   -1   -1   -1   -1   -1   -2   -2   -2
     -2   -2   -1   -1   -1    0    0   -1   -1   -1   -2   -2     -2   -2   -1   -1   -1    0    0   -1   -1   -1   -2   -2
     -2   -1   -1   -1    0    0    0    0   -1   -1   -1   -2     -2   -1   -1   -1    0    0    0    0   -1   -1   -1   -2
     -2   -1   -1   -1    0    0    0    0   -1   -1   -1   -2     -2   -1   -1   -1    0    0    0    0   -1   -1   -1   -2
     -2   -2   -1   -1   -1    0    0   -1   -1   -1   -2   -2     -2   -2   -1   -1   -1    0    0   -1   -1   -1   -2   -2
     -2   -2   -2   -1   -1   -1   -1   -1   -1   -2   -2   -2     -2   -2   -2   -1   -1   -1   -1   -1   -1   -2   -2   -2
     -3   -2   -2   -2   -1   -1   -1   -1   -2   -2   -2   -3     -3   -2   -2   -2   -1   -1   -1   -1   -2   -2   -2   -3
     -3   -3   -2   -2   -2   -1   -1   -2   -2   -2   -3   -3     -3   -3   -2   -2   -2   -1   -1   -2   -2   -2   -3   -3
     -3   -3   -3   -2   -2   -2   -2   -2   -2   -3   -3   -3     -3   -3   -3   -2   -2   -2   -2   -2   -2   -3   -3   -3
  }
}
DH:{
  {
      0    0    0    0    0    0    0    0    0    0    0    0      0    0    0    0    0    0    0    0    0    0    0    0
      0    0    0    0    0    0    0    0    0    0    0    0      0    0    0    0    0    0    0    0    0    0    0    0
      0    0    0    0    0    0    0    0    0    0    0    0      0    0    0    0    0    0    0    0    0    0    0    0
      0    0    0    0    0    0    0    0    0    0    0    0      0    0    0    0    0    0    0    0    0    0    0    0
      0    0    0    0    0    0    0    0    0    0    0    0      0    0    0    0    0    0    0    0    0    0    0    0
      0    0    0    0    0    0    0    0    0    0    0    0      0    0    0    0    0    0    0    0    0    0    0    0
      0    0    0    0    0    0    0    0    0    0    0    0      0    0    0    0    0    0    0    0    0    0    0    0
      0    0    0    0    0    0    0    0    0    0    0    0      0    0    0    0    0    0    0    0    0    0    0    0
      0    0    0    0    0    0    0    0    0    0    0    0      0    0    0    0    0    0    0    0    0    0    0    0
      0    0    0    0    0    0    0    0    0    0    0    0      0    0    0    0    0    0    0    0    0    0    0    0
      0    0    0    0    0    0    0    0    0    0    0    0      0    0    0    0    0    0    0    0    0    0    0    0
      0    0    0    0    0    0    0    0    0    0    0    0      0    0    0    0    0    0    0    0    0    0    0    0
  }
  {
      0    0    0    0    0    0    0    0    0    0    0    0      0    0    0    0    0    0    0    0    0    0    0    0
      0    0    0    0    0    0    0    0    0    0    0    0      0    0    0    0    0    0    0    0    0    0    0    0
      0    0    0    0    0    0    0    0    0    0    0    0      0    0    0    0    0    0    0    0    0    0    0    0
      0    0    0    0    0    0    0    0    0    0    0    0      0    0    0    0    0    0    0    0    0    0    0    0
      0    0    0    0    0    0    0    0    0    0    0    0      0    0    0    0    0    0    0    0    0    0    0    0
      0    0    0    0    0    0    0    0    0    0    0    0      0    0    0    0    0    0    0    0    0    0    0    0
      0    0    0    0    0    0    0    0    0    0    0    0      0    0    0    0    0    0    0    0    0    0    0    0
      0    0    0    0    0    0    0    0    0    0    0    0      0    0    0    0    0    0    0    0    0    0    0    0
      0    0    0    0    0    0    0    0    0    0    0    0      0    0    0    0    0    0    0    0    0    0    0    0
      0    0    0    0    0    0    0    0    0    0    0    0      0    0    0    0    0    0    0    0    0    0    0    0
      0    0    0    0    0    0    0    0    0    0    0    0      0    0    0    0    0    0    0    0    0    0    0    0
      0    0    0    0    0    0    0    0    0    0    0    0      0    0    0    0    0    0    0    0    0    0    0    0
  }
  {
     -3   -3   -3   -2   -2   -2   -2   -2   -2   -3   -3   -3     -3   -3   -3   -2   -2   -2   -2   -2   -2   -3   -3   -3
     -3   -3   -2   -2   -2   -1   -1   -2   -2   -2   -3   -3     -3   -3   -2   -2   -2   -1   -1   -2   -2   -2   -3   -3
     -3   -2   -2   -2   -1   -1   -1   -1   -2   -2   -2   -3     -3   -2   -2   -2   -1   -1   -1   -1   -2   -2   -2   -3
     -2   -2   -2   -1   -1   -1   -1   -1   -1   -2   -2   -2     -2   -2   -2   -1   -1   -1   -1   -1   -1   -2   -2   -2
     -2   -2   -1   -1   -1    0    0   -1   -1   -1   -2   -2     -2   -2   -1   -1   -1    0    0   -1   -1   -1   -2   -2
     -2   -1   -1   -1    0    0    0    0   -1   -1   -1   -2     -2   -1   -1   -1    0    0    0    0   -1   -1   -1   -2
     -2   -1   -1   -1    0    0    0    0   -1   -1   -1   -2     -2   -1   -1   -1    0    0    0    0   -1   -1   -1   -2
     -2   -2   -1   -1   -1    0    0   -1   -1   -1   -2   -2     -2   -2   -1   -1   -1    0    0   -1   -1   -1   -2   -2
     -2   -2   -2   -1   -1   -1   -1   -1   -1   -2   -2   -2     -2   -2   -2   -1   -1   -1   -1   -1   -1   -2   -2   -2
     -3   -2   -2   -2   -1   -1   -1   -1   -2   -2   -2   -3     -3   -2   -2   -2   -1   -1   -1   -1   -2   -2   -2   -3
     -3   -3   -2   -2   -2   -1   -1   -2   -2   -2   -3   -3     -3   -3   -2   -2   -2   -1   -1   -2   -2   -2   -3   -3
     -3   -3   -3   -2   -2   -2   -2   -2   -2   -3   -3   -3     -3   -3   -3   -2   -2   -2   -2   -2   -2   -3   -3   -3
  }
}
R:{
  {
      0    0    0    0    0    0    0    0    0    0    0    0      0    0    0    0    0    0    0    0    0    0    0    0
      0    0    0    0    0    0    0    0    0    0    0    0      0    0    0    0    0    0    0    0    0    0    0    0
      0    0    0    0    0    0    0    0    0    0    0    0      0    0    0    0    0    0    0    0    0    0    0    0
      0    0    0    0    0    0    0    0    0    0    0    0      0    0    0    0    0    0    0    0    0    0    0    0
      0    0    0    0    0    0    0    0    0    0    0    0      0    0    0    0    0    0    0    0    0    0    0    0
      0    0    0    0    0    0    0    0    0    0    0    0      0    0    0    0    0    0    0    0    0    0    0    0
      0    0    0    0    0    0    0    0    0    0    0    0      0    0    0    0    0    0    0    0    0    0    0    0
      0    0    0    0    0    0    0    0    0    0    0    0      0    0    0    0    0    0    0    0    0    0    0    0
      0    0    0    0    0    0    0    0    0    0    0    0      0    0    0    0    0    0    0    0    0    0    0    0
      0    0    0    0    0    0    0    0    0    0    0    0      0    0    0    0    0    0    0    0    0    0    0    0
      0    0    0    0    0    0    0    0    0    0    0    0      0    0    0    0    0    0    0    0    0    0    0    0
      0    0    0    0    0    0    0    0    0    0    0    0      0    0    0    0    0    0    0    0    0    0    0    0
  }
  {
      0    0    0    0    0    0    0    0    0    0    0    0      0    0    0    0    0    0    0    0    0    0    0    0
      0    0    0    0    0    0    0    0    0    0    0    0      0    0    0    0    0    0    0    0    0    0    0    0
      0    0    0    0    0    0    0    0    0    0    0    0      0    0    0    0    0    0    0    0    0    0    0    0
      0    0    0    0    0    0    0    0    0    0    0    0      0    0    0    0    0    0    0    0    0    0    0    0
      0    0    0    0    0    0    0    0    0    0    0    0      0    0    0    0    0    0    0    0    0    0    0    0
      0    0    0    0    0    0    0    0    0    0    0    0      0    0    0    0    0    0    0    0    0    0    0    0
      0    0    0    0    0    0    0    0    0    0    0    0      0    0    0    0    0    0    0    0    0    0    0    0
      0    0    0    0    0    0    0    0    0    0    0    0      0    0    0    0    0    0    0    0    0    0    0    0
      0    0    0    0    0    0    0    0    0    0    0    0      0    0    0    0    0    0    0    0    0    0    0    0
      0    0    0    0    0    0    0    0    0    0    0    0      0    0    0    0    0    0    0    0    0    0    0    0
      0    0    0    0    0    0    0    0    0    0    0    0      0    0    0    0    0    0    0    0    0    0    0    0
      0    0    0    0    0    0    0    0    0    0    0    0      0    0    0    0    0    0    0    0    0    0    0    0
  }
  {
     -3   -3   -3   -2   -2   -2   -2   -2   -2   -3   -3   -3     -3   -3   -3   -2   -2   -2   -2   -2   -2   -3   -3   -3
     -3   -3   -2   -2   -2   -1   -1   -2   -2   -2   -3   -3     -3   -3   -2   -2   -2   -1   -1   -2   -2   -2   -3   -3
     -3   -2   -2   -2   -1   -1   -1   -1   -2   -2   -2   -3     -3   -2   -2   -2   -1   -1   -1   -1   -2   -2   -2   -3
     -2   -2   -2   -1   -1   -1   -1   -1   -1   -2   -2   -2     -2   -2   -2   -1   -1   -1   -1   -1   -1   -2   -2   -2
     -2   -2   -1   -1   -1    0    0   -1   -1   -1   -2   -2     -2   -2   -1   -1   -1    0    0   -1   -1   -1   -2   -2
     -2   -1   -1   -1    0    0    0    0   -1   -1   -1   -2     -2   -1   -1   -1    0    0    0    0   -1   -1   -1   -2
     -2   -1   -1   -1    0    0    0    0   -1   -1   -1   -2     -2   -1   -1   -1    0    0    0    0   -1   -1   -1   -2
     -2   -2   -1   -1   -1    0    0   -1   -1   -1   -2   -2     -2   -2   -1   -1   -1    0    0   -1   -1   -1   -2   -2
     -2   -2   -2   -1   -1   -1   -1   -1   -1   -2   -2   -2     -2   -2   -2   -1   -1   -1   -1   -1   -1   -2   -2   -2
     -3   -2   -2   -2   -1   -1   -1   -1   -2   -2   -2   -3     -3   -2   -2   -2   -1   -1   -1   -1   -2   -2   -2   -3
     -3   -3   -2   -2   -2   -1   -1   -2   -2   -2   -3   -3     -3   -3   -2   -2   -2   -1   -1   -2   -2   -2   -3   -3
     -3   -3   -3   -2   -2   -2   -2   -2   -2   -3   -3   -3     -3   -3   -3   -2   -2   -2   -2   -2   -2   -3   -3   -3
  }
}
B:{
  {
      0    0    0    0    0    0    0    0    0    0    0    0      0    0    0    0    0    0    0    0    0    0    0    0
      0    0    0    0    0    0    0    0    0    0    0    0      0    0    0    0    0    0    0    0    0    0    0    0
      0    0    0    0    0    0    0    0    0    0    0    0      0    0    0    0    0    0    0    0    0    0    0    0
      0    0    0    0    0    0    0    0    0    0    0    0      0    0    0    0    0    0    0    0    0    0    0    0
      0    0    0    0    0    0    0    0    0    0    0    0      0    0    0    0    0    0    0    0    0    0    0    0
      0    0    0    0    0    0    0    0    0    0    0    0      0    0    0    0    0    0    0    0    0    0    0    0
      0    0    0    0    0    0    0    0    0    0    0    0      0    0    0    0    0    0    0    0    0    0    0    0
      0    0    0    0    0    0    0    0    0    0    0    0      0    0    0    0    0    0    0    0    0    0    0    0
      0    0    0    0    0    0    0    0    0    0    0    0      0    0    0    0    0    0    0    0    0    0    0    0
      0    0    0    0    0    0    0    0    0    0    0    0      0    0    0    0    0    0    0    0    0    0    0    0
     15   15   15   15   15   15   15   15   15   15   15   15      0    0    0    0    0    0    0    0    0    0    0    0
     10   10   10   10   10   10   10   10   10   10   10   10      0    0    0    0    0    0    0    0    0    0    0    0
  }
  {
      0    0    0    0    0    0    0    0    0    0    0    0      0    0    0    0    0    0    0    0    0    0    0    0
      0    0    0    0    0    0    0    0    0    0    0    0      0    0    0    0    0    0    0    0    0    0    0    0
      0    0    0    0    0    0    0    0    0    0    0    0      0    0    0    0    0    0    0    0    0    0    0    0
      0    0    0    0    0    0    0    0    0    0    0    0      0    0    0    0    0    0    0    0    0    0    0    0
      0    0    0    0    0    0    0    0    0    0    0    0      0    0    0    0    0    0    0    0    0    0    0    0
      0    0    0    0    0    0    0    0    0    0    0    0      0    0    0    0    0    0    0    0    0    0    0    0
      0    0    0    0    0    0    0    0    0    0    0    0      0    0    0    0    0    0    0    0    0    0    0    0
      0    0    0    0    0    0    0    0    0    0    0    0      0    0    0    0    0    0    0    0    0    0    0    0
      0    0    0    0    0    0    0    0    0    0    0    0      0    0    0    0    0    0    0    0    0    0    0    0
      0    0    0    0    0    0    0    0    0    0    0    0      0    0    0    0    0    0    0    0    0    0    0    0
      7    7    7    7    7    7    7    7    7    7    7    7      0    0    0    0    0    0    0    0    0    0    0    0
      5    5    5    5    5    5    5    5    5    5    5    5      0    0    0    0    0    0    0    0    0    0    0    0
  }
  {
     -3   -3   -3   -2   -2   -2   -2   -2   -2   -3   -3   -3     -3   -3   -3   -2   -2   -2   -2   -2   -2   -3   -3   -3
     -3   -3   -2   -2   -2   -1   -1   -2   -2   -2   -3   -3     -3   -3   -2   -2   -2   -1   -1   -2   -2   -2   -3   -3
     -3   -2   -2   -2   -1   -1   -1   -1   -2   -2   -2   -3     -3   -2   -2   -2   -1   -1   -1   -1   -2   -2   -2   -3
     -2   -2   -2   -1   -1   -1   -1   -1   -1   -2   -2   -2     -2   -2   -2   -1   -1   -1   -1   -1   -1   -2   -2   -2
     -2   -2   -1   -1   -1    0    0   -1   -1   -1   -2   -2     -2   -2   -1   -1   -1    0    0   -1   -1   -1   -2   -2
     -2   -1   -1   -1    0    0    0    0   -1   -1   -1   -2     -2   -1   -1   -1    0    0    0    0   -1   -1   -1   -2
     -2   -1   -1   -1    0    0    0    0   -1   -1   -1   -2     -2   -1   -1   -1    0    0    0    0   -1   -1   -1   -2
     -2   -2   -1   -1   -1    0    0   -1   -1   -1   -2   -2     -2   -2   -1   -1   -1    0    0   -1   -1   -1   -2   -2
     -2   -2   -2   -1   -1   -1   -1   -1   -1   -2   -2   -2     -2   -2   -2   -1   -1   -1   -1   -1   -1   -2   -2   -2
     -3   -2   -2   -2   -1   -1   -1   -1   -2   -2   -2   -3     -3   -2   -2   -2   -1   -1   -1   -1   -2   -2   -2   -3
     -3   -3   -2   -2   -2   -1   -1   -2   -2   -2   -3   -3     -3   -3   -2   -2   -2   -1   -1   -2   -2   -2   -3   -3
     -3   -3   -3   -2   -2   -2   -2   -2   -2   -3   -3   -3     -3   -3   -3   -2   -2   -2   -2   -2   -2   -3   -3   -3
  }
}
Ky:{
  {
      0    0    0    0    0    0    0    0    0    0    0    0      0    0    0    0    0    0    0    0    0    0    0    0
      0    0    0    0    0    0    0    0    0    0    0    0      0    0    0    0    0    0    0    0    0    0    0    0
      0    0    0    0    0    0    0    0    0    0    0    0      0    0    0    0    0    0    0    0    0    0    0    0
      0    0    0    0    0    0    0    0    0    0    0    0      0    0    0    0    0    0    0    0    0    0    0    0
      0    0    0    0    0    0    0    0    0    0    0    0      0    0    0    0    0    0    0    0    0    0    0    0
      0    0    0    0    0    0    0    0    0    0    0    0      0    0    0    0    0    0    0    0    0    0    0    0
      0    0    0    0    0    0    0    0    0    0    0    0      0    0    0    0    0    0    0    0    0    0    0    0
      0    0    0    0    0    0    0    0    0    0    0    0      0    0    0    0    0    0    0    0    0    0    0    0
      0    0    0    0    0    0    0    0    0    0    0    0      0    0    0    0    0    0    0    0    0    0    0    0
      0    0    0    0    0    0    0    0    0    0    0    0      0    0    0    0    0    0    0    0    0    0    0    0
      0    0    0    0    0    0    0    0    0    0    0    0      0    0    0    0    0    0    0    0    0    0    0    0
      0    0    0    0    0    0    0    0    0    0    0    0      0    0    0    0    0    0    0    0    0    0    0    0
  }
  {
      0    0    0    0    0    0    0    0    0    0    0    0      0    0    0    0    0    0    0    0    0    0    0    0
      0    0    0    0    0    0    0    0    0    0    0    0      0    0    0    0    0    0    0    0    0    0    0    0
      0    0    0    0    0    0    0    0    0    0    0    0      0    0    0    0    0    0    0    0    0    0    0    0
      0    0    0    0    0    0    0    0    0    0    0    0      0    0    0    0    0    0    0    0    0    0    0    0
      0    0    0    0    0    0    0    0    0    0    0    0      0    0    0    0    0    0    0    0    0    0    0    0
      0    0    0    0    0    0    0    0    0    0    0    0      0    0    0    0    0    0    0    0    0    0    0    0
      0    0    0    0    0    0    0    0    0    0    0    0      0    0    0    0    0    0    0    0    0    0    0    0
      0    0    0    0    0    0    0    0    0    0    0    0      0    0    0    0    0    0    0    0    0    0    0    0
      0    0    0    0    0    0    0    0    0    0    0    0      0    0    0    0    0    0    0    0    0    0    0    0
      0    0    0    0    0    0    0    0    0    0    0    0      0    0    0    0    0    0    0    0    0    0    0    0
      0    0    0    0    0    0    0    0    0    0    0    0      0    0    0    0    0    0    0    0    0    0    0    0
      0    0    0    0    0    0    0    0    0    0    0    0      0    0    0    0    0    0    0    0    0    0    0    0
  }
  {
      0    0    0    0    0    0    0    0    0    0    0    0      0    0    0    0    0    0    0    0    0    0    0    0
      0    0    0    0    0    0    0    0    0    0    0    0      0    0    0    0    0    0    0    0    0    0    0    0
      0    0    0    0    0    0    0    0    0    0    0    0      0    0    0    0    0    0    0    0    0    0    0    0
      0    0    0    0    0    0    0    0    0    0    0    0      0    0    0    0    0    0    0    0    0    0    0    0
     58   58   58   59   59   59   59   59   59   58   58   58      0    0    0    0    0    0    0    0    0    0    0    0
     38   38   38   39   39   39   39   39   39   38   38   38      0    0    0    0    0    0    0    0    0    0    0    0
     18   18   18   19   19   19   19   19   19   18   18   18      0    0    0    0    0    0    0    0    0    0    0    0
     -1   -1   -1    0    0    0    0    0    0   -1   -1   -1      0    0    0    0    0    0    0    0    0    0    0    0
    -21  -21  -21  -20  -20  -20  -20  -20  -20  -21  -21  -21      0    0    0    0    0    0    0    0    0    0    0    0
    -41  -41  -41  -40  -40  -40  -40  -40  -40  -41  -41  -41      0    0    0    0    0    0    0    0    0    0    0    0
    -61  -61  -61  -60  -60  -60  -60  -60  -60  -61  -61  -61      0    0    0    0    0    0    0    0    0    0    0    0
    -81  -81  -81  -80  -80  -80  -80  -80  -80  -81  -81  -81      0    0    0    0    0    0    0    0    0    0    0    0
  }
}
Ph:{
  {
      0    0    0    0    0    0    0    0    0    0    0    0      0    0    0    0    0    0    0    0    0    0    0    0
      0    0    0    0    0    0    0    0    0    0    0    0      0    0    0    0    0    0    0    0    0    0    0    0
      0    0    0    0    0    0    0    0    0    0    0    0      0    0    0    0    0    0    0    0    0    0    0    0
      0    0    0    0    0    0    0    0    0    0    0    0      0    0    0    0    0    0    0    0    0    0    0    0
      0    0    0    0    0    0    0    0    0    0    0    0      0    0    0    0    0    0    0    0    0    0    0    0
      0    0    0    0    0    0    0    0    0    0    0    0      0    0    0    0    0    0    0    0    0    0    0    0
      0    0    0    0    0    0    0    0    0    0    0    0      0    0    0    0    0    0    0    0    0    0    0    0
      0    0    0    0    0    0    0    0    0    0    0    0      0    0    0    0    0    0    0    0    0    0    0    0
      0    0    0    0   50    0    0    0    0    0    0    0      0    0    0    0    0    0    0    0    0    0    0    0
      0    0    0    0    0    0    0    0    0    0    0    0      0    0    0    0    0    0    0    0    0    0    0    0
      0    0    0    0    0    0    0    0    0    0    0    0      0    0    0    0    0    0    0    0    0    0    0    0
      0    0    0    0    0    0    0    0    0    0    0    0      0    0    0    0    0    0    0    0    0    0    0    0
  }
  {
     -8   -8   -8   -8   -8   -8   -8   -8   -8   -8   -8   -8      0    0    0    0    0    0    0    0    0    0    0    0
     -7   -7   -7   -7   -7   -7   -7   -7   -7   -7   -7   -7      0    0    0    0    0    0    0    0    0    0    0    0
     -6   -6   -6   -6   -6   -6   -6   -6   -6   -6   -6   -6      0    0    0    0    0    0    0    0    0    0    0    0
     -5   -5   -5   -5   -5   -5   -5   -5   -5   -5   -5   -5      0    0    0    0    0    0    0    0    0    0    0    0
     -4   -4   -4   -4   -4   -4   -4   -4   -4   -4   -4   -4      0    0    0    0    0    0    0    0    0    0    0    0
     -3   -3   -3   -3   -3   -3   -3   -3   -3   -3   -3   -3      0    0    0    0    0    0    0    0    0    0    0    0
     -2   -2   -2   -2   -2   -2   -2   -2   -2   -2   -2   -2      0    0    0    0    0    0    0    0    0    0    0    0
     -1   -1   -1   -1   -1   -1   -1   -1   -1   -1   -1   -1      0    0    0    0    0    0    0    0    0    0    0    0
      0    0    0    0   25    0    0    0    0    0    0    0      0    0    0    0    0    0    0    0    0    0    0    0
      0    0    0    0    0    0    0    0    0    0    0    0      0    0    0    0    0    0    0    0    0    0    0    0
      0    0    0    0    0    0    0    0    0    0    0    0      0    0    0    0    0    0    0    0    0    0    0    0
      0    0    0    0    0    0    0    0    0    0    0    0      0    0    0    0    0    0    0    0    0    0    0    0
  }
  {
      0    0    0    0    0    0    0    0    0    0    0    0      0    0    0    0    0    0    0    0    0    0    0    0
      0    0    0    0    0    0    0    0    0    0    0    0      0    0    0    0    0    0    0    0    0    0    0    0
      0    0    0    0    0    0    0    0    0    0    0    0      0    0    0    0    0    0    0    0    0    0    0    0
      0    0    0    0    0    0    0    0    0    0    0    0      0    0    0    0    0    0    0    0    0    0    0    0
     58   58   58   59   59   59   59   59   59   58   58   58      0    0    0    0    0    0    0    0    0    0    0    0
     38   38   38   39   39   39   39   39   39   38   38   38      0    0    0    0    0    0    0    0    0    0    0    0
     18   18   18   19   19   19   19   19   19   18   18   18      0    0    0    0    0    0    0    0    0    0    0    0
     -1   -1   -1    0    0    0    0    0    0   -1   -1   -1      0    0    0    0    0    0    0    0    0    0    0    0
    -21  -21  -21  -20  -20  -20  -20  -20  -20  -21  -21  -21      0    0    0    0    0    0    0    0    0    0    0    0
    -41  -41  -41  -40  -40  -40  -40  -40  -40  -41  -41  -41      0    0    0    0    0    0    0    0    0    0    0    0
    -61  -61  -61  -60  -60  -60  -60  -60  -60  -61  -61  -61      0    0    0    0    0    0    0    0    0    0    0    0
    -81  -81  -81  -80  -80  -80  -80  -80  -80  -81  -81  -81      0    0    0    0    0    0    0    0    0    0    0    0
  }
}
DE:{
  {
      0    0    0    0    0    0    0    0    0    0    0    0      0    0    0    0    0    0    0    0    0    0    0    0
      0    0    0    0    0    0    0    0    0    0    0    0      0    0    0    0    0    0    0    0    0    0    0    0
      0    0    0    0    0    0    0    0    0    0    0    0      0    0    0    0    0    0    0    0    0    0    0    0
      0    0    0    0    0    0    0    0    0    0    0    0      0    0    0    0    0    0    0    0    0    0    0    0
      0    0    0    0    0    0    0    0    0    0    0    0      0    0    0    0    0    0    0    0    0    0    0    0
      0    0    0    0    0    0    0    0    0    0    0    0      0    0    0    0    0    0    0    0    0    0    0    0
      0    0    0    0    0    0    0    0    0    0    0    0      0    0    0    0    0    0    0    0    0    0    0    0
      0    0    0    0    0    0    0    0    0    0    0    0      0    0    0    0    0    0    0    0    0    0    0    0
      0    0    0    0    0    0    0    0    0    0    0    0      0    0    0    0    0    0    0    0    0    0    0    0
      0    0    0    0    0    0    0    0    0    0    0    0      0    0    0    0    0    0    0    0    0    0    0    0
      0    0    0    0    0   15    5    0    0    0    0    0      0    0    0    0    0    0    0    0    0    0    0    0
      0    0    0    0    0    0    5    0    0    0    0    0      0    0    0    0    0    0    0    0    0    0    0    0
  }
  {
      0    0    0    0    0    0    0    0    0    0    0    0      0    0    0    0    0    0    0    0    0    0    0    0
      0    0    0    0    0    0    0    0    0    0    0    0      0    0    0    0    0    0    0    0    0    0    0    0
      0    0    0    0    0    0    0    0    0    0    0    0      0    0    0    0    0    0    0    0    0    0    0    0
      0    0    0    0    0    0    0    0    0    0    0    0      0    0    0    0    0    0    0    0    0    0    0    0
      0    0    0    0    0    0    0    0    0    0    0    0      0    0    0    0    0    0    0    0    0    0    0    0
      0    0    0    0    0    0    0    0    0    0    0    0      0    0    0    0    0    0    0    0    0    0    0    0
      0    0    0    0    0    0    0    0    0    0    0    0      0    0    0    0    0    0    0    0    0    0    0    0
      0    0    0    0    0    0    0    0    0    0    0    0      0    0    0    0    0    0    0    0    0    0    0    0
      0    0    0    0    0    0    0    0    0    0    0    0      0    0    0    0    0    0    0    0    0    0    0    0
      0    0    0    0    0    0    0    0    0    0    0    0      0    0    0    0    0    0    0    0    0    0    0    0
      0    0    0    0    0    7    2    0    0    0    0    0      0    0    0    0    0    0    0    0    0    0    0    0
      0    0    0    0    0    0    2    0    0    0    0    0      0    0    0    0    0    0    0    0    0    0    0    0
  }
  {
      0    0    0    0    0    0    0    0    0    0    0    0      0    0    0    0    0    0    0    0    0    0    0    0
      0    0    0    0    0    0    0    0    0    0    0    0      0    0    0    0    0    0    0    0    0    0    0    0
      0    0    0    0    0    0    0    0    0    0    0    0      0    0    0    0    0    0    0    0    0    0    0    0
      0    0    0    0    0    0    0    0    0    0    0    0      0    0    0    0    0    0    0    0    0    0    0    0
      0    0    0    0    0    0    0    0    0    0    0    0      0    0    0    0    0    0    0    0    0    0    0    0
      0    0    0    0    0    0    0    0    0    0    0    0      0    0    0    0    0    0    0    0    0    0    0    0
      0    0    0    0    0    0    0    0    0    0    0    0      0    0    0    0    0    0    0    0    0    0    0    0
      0    0    0    0    0    0    0    0    0    0    0    0      0    0    0    0    0    0    0    0    0    0    0    0
      0    0    0    0    0    0    0    0    0    0    0    0      0    0    0    0    0    0    0    0    0    0    0    0
      0    0    0    0    0    0    0    0    0    0    0    0      0    0    0    0    0    0    0    0    0    0    0    0
      0    0    0    0    0    0    0    0    0    0    0    0      0    0    0    0    0    0    0    0    0    0    0    0
      0    0    0    0    0    0    0    0    0    0    0    0      0    0    0    0    0    0    0    0    0    0    0    0
  }
}
BT:{
  {
      0    0    0    0    0    0    0    0    0    0    0    0      0    0    0    0    0    0    0    0    0    0    0    0
      0    0    0    0    0    0    0    0    0    0    0    0      0    0    0    0    0    0    0    0    0    0    0    0
      0    0    0    0    0    0    0    0    0    0    0    0      0    0    0    0    0    0    0    0    0    0    0    0
      0    0    0    0    0    0    0    0    0    0    0    0      0    0    0    0    0    0    0    0    0    0    0    0
      0    0    0    0    0    0    0    0    0    0    0    0      0    0    0    0    0    0    0    0    0    0    0    0
      0    0    0    0    0    0    0    0    0    0    0    0      0    0    0    0    0    0    0    0    0    0    0    0
      0    0    0    0    0    0    0    0    0    0    0    0      0    0    0    0    0    0    0    0    0    0    0    0
      0    0    0    0    0    0    0    0    0    0    0    0      0    0    0    0    0    0    0    0    0    0    0    0
      0    0    0    0    0    0    0    0    0    0    0    0      0    0    0    0    0    0    0    0    0    0    0    0
      0    0    0    0    0    0    0    0    0    0    0    0      0    0    0    0    0    0    0    0    0    0    0    0
      0    0    0    0    0    0    0    0    0    0    0    0      0    0    0    0    0    0    0    0    0    0    0    0
      0    0    0    0   15    0   15    0    0    0    0    0      0    0    0    0    0    0    0    0    0    0    0    0
  }
  {
      0    0    0    0    0    0    0    0    0    0    0    0      0    0    0    0    0    0    0    0    0    0    0    0
      0    0    0    0    0    0    0    0    0    0    0    0      0    0    0    0    0    0    0    0    0    0    0    0
      0    0    0    0    0    0    0    0    0    0    0    0      0    0    0    0    0    0    0    0    0    0    0    0
      0    0    0    0    0    0    0    0    0    0    0    0      0    0    0    0    0    0    0    0    0    0    0    0
      0    0    0    0    0    0    0    0    0    0    0    0      0    0    0    0    0    0    0    0    0    0    0    0
      0    0    0    0    0    0    0    0    0    0    0    0      0    0    0    0    0    0    0    0    0    0    0    0
      0    0    0    0    0    0    0    0    0    0    0    0      0    0    0    0    0    0    0    0    0    0    0    0
      0    0    0    0    0    0    0    0    0    0    0    0      0    0    0    0    0    0    0    0    0    0    0    0
      0    0    0    0    0    0    0    0    0    0    0    0      0    0    0    0    0    0    0    0    0    0    0    0
      0    0    0    0    0    0    0    0    0    0    0    0      0    0    0    0    0    0    0    0    0    0    0    0
      0    0    0    0    0    0    0    0    0    0    0    0      0    0    0    0    0    0    0    0    0    0    0    0
      0    0    0    0    7    0    7    0    0    0    0    0      0    0    0    0    0    0    0    0    0    0    0    0
  }
  {
      0    0    0    0    0    0    0    0    0    0    0    0      0    0    0    0    0    0    0    0    0    0    0    0
      0    0    0    0    0    0    0    0    0    0    0    0      0    0    0    0    0    0    0    0    0    0    0    0
      0    0    0    0    0    0    0    0    0    0    0    0      0    0    0    0    0    0    0    0    0    0    0    0
      0    0    0    0    0    0    0    0    0    0    0    0      0    0    0    0    0    0    0    0    0    0    0    0
     21   21   21   22   22   22   22   22   22   21   21   21      0    0    0    0    0    0    0    0    0    0    0    0
     14   14   14   14   14   14   14   14   14   14   14   14      0    0    0    0    0    0    0    0    0    0    0    0
      6    6    6    7    7    7    7    7    7    6    6    6      0    0    0    0    0    0    0    0    0    0    0    0
      0    0    0    0    0    0    0    0    0    0    0    0      0    0    0    0    0    0    0    0    0    0    0    0
     -8   -8   -8   -7   -7   -7   -7   -7   -7   -8   -8   -8      0    0    0    0    0    0    0    0    0    0    0    0
    -15  -15  -15  -15  -15  -15  -15  -15  -15  -15  -15  -15      0    0    0    0    0    0    0    0    0    0    0    0
    -23  -23  -23  -22  -22  -22  -22  -22  -22  -23  -23  -23      0    0    0    0    0    0    0    0    0    0    0    0
    -30  -30  -30  -30  -30  -30  -30  -30  -30  -30  -30  -30      0    0    0    0    0    0    0    0    0    0    0    0
  }
}
FL:{
  {
      0    0    0    0    0    0    0    0    0    0    0    0      0    0    0    0    0    0    0    0    0    0    0    0
      0    0    0    0    0    0    0    0    0    0    0    0      0    0    0    0    0    0    0    0    0    0    0    0
      0    0    0    0    0    0    0    0    0    0    0    0      0    0    0    0    0    0    0    0    0    0    0    0
      0    0    0    0    0    0    0    0    0    0    0    0      0    0    0    0    0    0    0    0    0    0    0    0
      0    0    0    0    0    0    0    0    0    0    0    0      0    0    0    0    0    0    0    0    0    0    0    0
      0    0    0    0    0    0    0    0    0    0    0    0      0    0    0    0    0    0    0    0    0    0    0    0
      0    0    0    0    0    0    0    0    0    0    0    0      0    0    0    0    0    0    0    0    0    0    0    0
      0    0    0    0    0    0    0    0    0    0    0    0      0    0    0    0    0    0    0    0    0    0    0    0
      0    0    0    0    0    0    0    0    0    0    0    0      0    0    0    0    0    0    0    0    0    0    0    0
      0    0    0    0    0    0    0    0    0    0    0    0      0    0    0    0    0    0    0    0    0    0    0    0
      0    0    0    0    0    0    0    0    0    0    0    0      0    0    0    0    0    0    0    0    0    0    0    0
      0    0    0    0    0    0    0    0    0    0    0    0      0    0    0    0    0    0    0    0    0    0    0    0
  }
  {
      0    0    0    0    0    0    0    0    0    0    0    0      0    0    0    0    0    0    0    0    0    0    0    0
      0    0    0    0    0    0    0    0    0    0    0    0      0    0    0    0    0    0    0    0    0    0    0    0
      0    0    0    0    0    0    0    0    0    0    0    0      0    0    0    0    0    0    0    0    0    0    0    0
      0    0    0    0    0    0    0    0    0    0    0    0      0    0    0    0    0    0    0    0    0    0    0    0
     11   11   11   11   11   11   11   11   11   11   11   11      0    0    0    0    0    0    0    0    0    0    0    0
      7    7    7    7    7    7    7    7    7    7    7    7      0    0    0    0    0    0    0    0    0    0    0    0
      3    3    3    3    3    3    3    3    3    3    3    3      0    0    0    0    0    0    0    0    0    0    0    0
      0    0    0    0    0    0    0    0    0    0    0    0      0    0    0    0    0    0    0    0    0    0    0    0
     -4   -4   -4   -4   -4   -4   -4   -4   -4   -4   -4   -4      0    0    0    0    0    0    0    0    0    0    0    0
     -8   -8   -8   -8   -8   -8   -8   -8   -8   -8   -8   -8      0    0    0    0    0    0    0    0    0    0    0    0
    -12  -12  -12  -12  -12  -12  -12  -12  -12  -12  -12  -12      0    0    0    0    0    0    0    0    0    0    0    0
    -16  -16  -16  -16  -16  -16  -16  -16  -16  -16  -16  -16      0    0    0    0    0    0    0    0    0    0    0    0
  }
  {
      0    0    0    0    0    0    0    0    0    0    0    0      0    0    0    0    0    0    0    0    0    0    0    0
      0    0    0    0    0    0    0    0    0    0    0    0      0    0    0    0    0    0    0    0    0    0    0    0
      0    0    0    0    0    0    0    0    0    0    0    0      0    0    0    0    0    0    0    0    0    0    0    0
      0    0    0    0    0    0    0    0    0    0    0    0      0    0    0    0    0    0    0    0    0    0    0    0
     22   22   22   23   23   23   23   23   23   22   22   22      0    0    0    0    0    0    0    0    0    0    0    0
     14   14   14   15   15   15   15   15   15   14   14   14      0    0    0    0    0    0    0    0    0    0    0    0
      6    6    6    7    7    7    7    7    7    6    6    6      0    0    0    0    0    0    0    0    0    0    0    0
     -1   -1   -1    0    0    0    0    0    0   -1   -1   -1      0    0    0    0    0    0    0    0    0    0    0    0
     -9   -9   -9   -8   -8   -8   -8   -8   -8   -9   -9   -9      0    0    0    0    0    0    0    0    0    0    0    0
    -17  -17  -17  -16  -16  -16  -16  -16  -16  -17  -17  -17      0    0    0    0    0    0    0    0    0    0    0    0
    -25  -25  -25  -24  -24  -24  -24  -24  -24  -25  -25  -25      0    0    0    0    0    0    0    0    0    0    0    0
    -33  -33  -33  -32  -32  -32  -32  -32  -32  -33  -33  -33      0    0    0    0    0    0    0    0    0    0    0    0
  }
}
G:{
  {
      0    0    0    0    0    0    0    0    0    0    0    0      0    0    0    0    0    0    0    0    0    0    0    0
      0    0    0    0    0    0    0    0    0    0    0    0      0    0    0    0    0    0    0    0    0    0    0    0
      0    0    0    0    0    0    0    0    0    0    0    0      0    0    0    0    0    0    0    0    0    0    0    0
      0    0    0    0    0    0    0    0    0    0    0    0      0    0    0    0    0    0    0    0    0    0    0    0
      0    0    0    0    0    0    0    0    0    0    0    0      0    0    0    0    0    0    0    0    0    0    0    0
      0    0    0    0    0    0    0    0    0    0    0    0      0    0    0    0    0    0    0    0    0    0    0    0
      0    0    0    0    0    0    0    0    0    0    0    0      0    0    0    0    0    0    0    0    0    0    0    0
      0    0    0    0    0    0    0    0    0    0    0    0      0    0    0    0    0    0    0    0    0    0    0    0
      0    0    0    0    0    0    0    0    0    0    0    0      0    0    0    0    0    0    0    0    0    0    0    0
      0    0    0    0    0    0    0    0    0    0    0    0      0    0    0    0    0    0    0    0    0    0    0    0
      0    0    0    0    0    0    0    0    0    0    0    0      0    0    0    0    0    0    0    0    0    0    0    0
      0    0    0    0    0    0    0    0    0    0    0    0      0    0    0    0    0    0    0    0    0    0    0    0
  }
  {
      0    0    0    0    0    0    0    0    0    0    0    0      0    0    0    0    0    0    0    0    0    0    0    0
      0    0    0    0    0    0    0    0    0    0    0    0      0    0    0    0    0    0    0    0    0    0    0    0
      0    0    0    0    0    0    0    0    0    0    0    0      0    0    0    0    0    0    0    0    0    0    0    0
      0    0    0    0    0    0    0    0    0    0    0    0      0    0    0    0    0    0    0    0    0    0    0    0
     26   26   26   26   26   26   26   26   26   26   26   26      0    0    0    0    0    0    0    0    0    0    0    0
     17   17   17   17   17   17   17   17   17   17   17   17      0    0    0    0    0    0    0    0    0    0    0    0
      8    8    8    8    8    8    8    8    8    8    8    8      0    0    0    0    0    0    0    0    0    0    0    0
      0    0    0    0    0    0    0    0    0    0    0    0      0    0    0    0    0    0    0    0    0    0    0    0
     -9   -9   -9   -9   -9   -9   -9   -9   -9   -9   -9   -9      0    0    0    0    0    0    0    0    0    0    0    0
    -18  -18  -18  -18  -18  -18  -18  -18  -18  -18  -18  -18      0    0    0    0    0    0    0    0    0    0    0    0
    -27  -27  -27  -27  -27  -27  -27  -27  -27  -27  -27  -27      0    0    0    0    0    0    0    0    0    0    0    0
    -36  -36  -36  -36  -36  -36  -36  -36  -36  -36  -36  -36      0    0    0    0    0    0    0    0    0    0    0    0
  }
  {
      0    0    0    0    0    0    0    0    0    0    0    0      0    0    0    0    0    0    0    0    0    0    0    0
      0    0    0    0    0    0    0    0    0    0    0    0      0    0    0    0    0    0    0    0    0    0    0    0
      0    0    0    0    0    0    0    0    0    0    0    0      0    0    0    0    0    0    0    0    0    0    0    0
      0    0    0    0    0    0    0    0    0    0    0    0      0    0    0    0    0    0    0    0    0    0    0    0
     52   52   52   53   53   53   53   53   53   52   52   52      0    0    0    0    0    0    0    0    0    0    0    0
     34   34   34   35   35   35   35   35   35   34   34   34      0    0    0    0    0    0    0    0    0    0    0    0
     16   16   16   17   17   17   17   17   17   16   16   16      0    0    0    0    0    0    0    0    0    0    0    0
     -1   -1   -1    0    0    0    0    0    0   -1   -1   -1      0    0    0    0    0    0    0    0    0    0    0    0
    -19  -19  -19  -18  -18  -18  -18  -18  -18  -19  -19  -19      0    0    0    0    0    0    0    0    0    0    0    0
    -37  -37  -37  -36  -36  -36  -36  -36  -36  -37  -37  -37      0    0    0    0    0    0    0    0    0    0    0    0
    -55  -55  -55  -54  -54  -54  -54  -54  -54  -55  -55  -55      0    0    0    0    0    0    0    0    0    0    0    0
    -73  -73  -73  -72  -72  -72  -72  -72  -72  -73  -73  -73      0    0    0    0    0    0    0    0    0    0    0    0
  }
}
S:{
  {
     -5   -4   -3   -2   -1    0    0   -1   -2   -3   -4   -5      0    0    0    0    0    0    0    0    0    0    0    0
     -5   -4   -3   -2   -1    0    0   -1   -2   -3   -4   -5      0    0    0    0    0    0    0    0    0    0    0    0
     -5   -4   -3   -2   -1    0    0   -1   -2   -3   -4   -5      0    0    0    0    0    0    0    0    0    0    0    0
     -5   -4   -3   -2   -1    0    0   -1   -2   -3   -4   -5      0    0    0    0    0    0    0    0    0    0    0    0
     -5   -4   -3   -2   -1    0    0   -1   -2   -3   -4   -5      0    0    0    0    0    0    0    0    0    0    0    0
     -5   -4   -3   -2   -1    0    0   -1   -2   -3   -4   -5      0    0    0    0    0    0    0    0    0    0    0    0
     -5   -4   -3   -2   -1    0    0   -1   -2   -3   -4   -5      0    0    0    0    0    0    0    0    0    0    0    0
     -5   -4   -3   -2   -1    0    0   -1   -2   -3   -4   -5      0    0    0    0    0    0    0    0    0    0    0    0
     -5   -4   -3   -2   -1    0    0   -1   -2   -3   -4   -5      0    0    0    0    0    0    0    0    0    0    0    0
     -5   -4   -3   -2   -1    0    0   -1   -2   -3   -4   -5      0    0    0    0    0    0    0    0    0    0    0    0
     -5   -4   -3   -2   -1    0    0   -1   -2   -3   -4   -5      0    0    0    0    0    0    0    0    0    0    0    0
     -5   -4   -3   -2   -1    0    0   -1   -2   -3   -4   -5      0    0    0    0    0    0    0    0    0    0    0    0
  }
  {
     -2   -2   -1   -1    0    0    0    0   -1   -1   -2   -2      0    0    0    0    0    0    0    0    0    0    0    0
     -2   -2   -1   -1    0    0    0    0   -1   -1   -2   -2      0    0    0    0    0    0    0    0    0    0    0    0
     -2   -2   -1   -1    0    0    0    0   -1   -1   -2   -2      0    0    0    0    0    0    0    0    0    0    0    0
     -2   -2   -1   -1    0    0    0    0   -1   -1   -2   -2      0    0    0    0    0    0    0    0    0    0    0    0
      5    6    6    7    8    8    8    8    7    6    6    5      0    0    0    0    0    0    0    0    0    0    0    0
      2    3    3    4    5    5    5    5    4    3    3    2      0    0    0    0    0    0    0    0    0    0    0    0
      0    0    0    1    2    2    2    2    1    0    0    0      0    0    0    0    0    0    0    0    0    0    0    0
     -3   -3   -2   -1   -1    0    0   -1   -1   -2   -3   -3      0    0    0    0    0    0    0    0    0    0    0    0
     -6   -6   -5   -4   -4   -3   -3   -4   -4   -5   -6   -6      0    0    0    0    0    0    0    0    0    0    0    0
     -9   -9   -8   -7   -7   -6   -6   -7   -7   -8   -9   -9      0    0    0    0    0    0    0    0    0    0    0    0
    -12  -12  -11  -10  -10   -9   -9  -10  -10  -11  -12  -12      0    0    0    0    0    0    0    0    0    0    0    0
    -15  -15  -14  -13  -13  -12  -12  -13  -13  -14  -15  -15      0    0    0    0    0    0    0    0    0    0    0    0
  }
  {
      0    0    0    0    0    0    0    0    0    0    0    0      0    0    0    0    0    0    0    0    0    0    0    0
      0    0    0    0    0    0    0    0    0    0    0    0      0    0    0    0    0    0    0    0    0    0    0    0
      0    0    0    0    0    0    0    0    0    0    0    0      0    0    0    0    0    0    0    0    0    0    0    0
      0    0    0    0    0    0    0    0    0    0    0    0      0    0    0    0    0    0    0    0    0    0    0    0
     16   16   16   17   17   17   17   17   17   16   16   16      0    0    0    0    0    0    0    0    0    0    0    0
     10   10   10   11   11   11   11   11   11   10   10   10      0    0    0    0    0    0    0    0    0    0    0    0
      4    4    4    5    5    5    5    5    5    4    4    4      0    0    0    0    0    0    0    0    0    0    0    0
     -1   -1   -1    0    0    0    0    0    0   -1   -1   -1      0    0    0    0    0    0    0    0    0    0    0    0
     -7   -7   -7   -6   -6   -6   -6   -6   -6   -7   -7   -7      0    0    0    0    0    0    0    0    0    0    0    0
    -13  -13  -13  -12  -12  -12  -12  -12  -12  -13  -13  -13      0    0    0    0    0    0    0    0    0    0    0    0
    -19  -19  -19  -18  -18  -18  -18  -18  -18  -19  -19  -19      0    0    0    0    0    0    0    0    0    0    0    0
    -25  -25  -25  -24  -24  -24  -24  -24  -24  -25  -25  -25      0    0    0    0    0    0    0    0    0    0    0    0
  }
}
C:{
  {
     -5   -4   -3   -2   -1    0    0   -1   -2   -3   -4   -5      0    0    0    0    0    0    0    0    0    0    0    0
     -5   -4   -3   -2   -1    0    0   -1   -2   -3   -4   -5      0    0    0    0    0    0    0    0    0    0    0    0
     -5   -4   -3   -2   -1    0    0   -1   -2   -3   -4   -5      0    0    0    0    0    0    0    0    0    0    0    0
     -5   -4   -3   -2   -1    0    0   -1   -2   -3   -4   -5      0    0    0    0    0    0    0    0    0    0    0    0
     -5   -4   -3   -2   -1    0    0   -1   -2   -3   -4   -5      0    0    0    0    0    0    0    0    0    0    0    0
     -5   -4   -3   -2   -1    0    0   -1   -2   -3   -4   -5      0    0    0    0    0    0    0    0    0    0    0    0
     -5   -4   -3   -2   -1    0    0   -1   -2   -3   -4   -5      0    0    0    0    0    0    0    0    0    0    0    0
     -5   -4   -3   -2   -1    0    0   -1   -2   -3   -4   -5      0    0    0    0    0    0    0    0    0    0    0    0
     -5   -4   -3   -2   -1    0    0   -1   -2   -3   -4   -5      0    0    0    0    0    0    0    0    0    0    0    0
     -5   -4   -3   -2   -1    0    0   -1   -2   -3   -4   -5      0    0    0    0    0    0    0    0    0    0    0    0
     -5   -4   -3   -2   -1    0    0   -1   -2   -3   -4   -5      0    0    0    0    0    0    0    0    0    0    0    0
     -5   -4   -3   -2   -1    0    0   -1   -2   -3   -4   -5      0    0    0    0    0    0    0    0    0    0    0    0
  }
  {
     -2   -2   -1   -1    0    0    0    0   -1   -1   -2   -2      0    0    0    0    0    0    0    0    0    0    0    0
     -2   -2   -1   -1    0    0    0    0   -1   -1   -2   -2      0    0    0    0    0    0    0    0    0    0    0    0
     -2   -2   -1   -1    0    0    0    0   -1   -1   -2   -2      0    0    0    0    0    0    0    0    0    0    0    0
     -2   -2   -1   -1    0    0    0    0   -1   -1   -2   -2      0    0    0    0    0    0    0    0    0    0    0    0
     12   13   14   14   15   16   16   15   14   14   13   12      0    0    0    0    0    0    0    0    0    0    0    0
      7    8    8    9   10   10   10   10    9    8    8    7      0    0    0    0    0    0    0    0    0    0    0    0
      1    2    3    3    4    5    5    4    3    3    2    1      0    0    0    0    0    0    0    0    0    0    0    0
     -3   -3   -2   -1   -1    0    0   -1   -1   -2   -3   -3      0    0    0    0    0    0    0    0    0    0    0    0
     -9   -8   -7   -7   -6   -5   -5   -6   -7   -7   -8   -9      0    0    0    0    0    0    0    0    0    0    0    0
    -14  -14  -13  -12  -12  -11  -11  -12  -12  -13  -14  -14      0    0    0    0    0    0    0    0    0    0    0    0
    -20  -19  -18  -18  -17  -16  -16  -17  -18  -18  -19  -20      0    0    0    0    0    0    0    0    0    0    0    0
    -25  -25  -24  -23  -23  -22  -22  -23  -23  -24  -25  -25      0    0    0    0    0    0    0    0    0    0    0    0
  }
  {
      0    0    0    0    0    0    0    0    0    0    0    0      0    0    0    0    0    0    0    0    0    0    0    0
      0    0    0    0    0    0    0    0    0    0    0    0      0    0    0    0    0    0    0    0    0    0    0    0
      0    0    0    0    0    0    0    0    0    0    0    0      0    0    0    0    0    0    0    0    0    0    0    0
      0    0    0    0    0    0    0    0    0    0    0    0      0    0    0    0    0    0    0    0    0    0    0    0
     31   31   31   32   32   32   32   32   32   31   31   31      0    0    0    0    0    0    0    0    0    0    0    0
     20   20   20   21   21   21   21   21   21   20   20   20      0    0    0    0    0    0    0    0    0    0    0    0
      9    9    9   10   10   10   10   10   10    9    9    9      0    0    0    0    0    0    0    0    0    0    0    0
     -1   -1   -1    0    0    0    0    0    0   -1   -1   -1      0    0    0    0    0    0    0    0    0    0    0    0
    -12  -12  -12  -11  -11  -11  -11  -11  -11  -12  -12  -12      0    0    0    0    0    0    0    0    0    0    0    0
    -23  -23  -23  -22  -22  -22  -22  -22  -22  -23  -23  -23      0    0    0    0    0    0    0    0    0    0    0    0
    -34  -34  -34  -33  -33  -33  -33  -33  -33  -34  -34  -34      0    0    0    0    0    0    0    0    0    0    0    0
    -45  -45  -45  -44  -44  -44  -44  -44  -44  -45  -45  -45      0    0    0    0    0    0    0    0    0    0    0    0
  }
}
VM:{
  {
      0    0    0    0    0    0    0    0    0    0    0    0      0    0    0    0    0    0    0    0    0    0    0    0
      0    0    0    0    0    0    0    0    0    0    0    0      0    0    0    0    0    0    0    0    0    0    0    0
      0    0    0    0    0    0    0    0    0    0    0    0      0    0    0    0    0    0    0    0    0    0    0    0
      0    0    0    0    0    0    0    0    0    0    0    0      0    0    0    0    0    0    0    0    0    0    0    0
      0    0    0    0    0    0    0    0    0    0    0    0      0    0    0    0    0    0    0    0    0    0    0    0
      0    0    0    0    0    0    0    0    0    0    0    0      0    0    0    0    0    0    0    0    0    0    0    0
      0    0    0    0    0    0    0    0    0    0    0    0      0    0    0    0    0    0    0    0    0    0    0    0
      0    0    0    0    0    0    0    0    0    0    0    0      0    0    0    0    0    0    0    0    0    0    0    0
      0    0    0    0    0    0    0    0    0    0    0    0      0    0    0    0    0    0    0    0    0    0    0    0
      0    0    0    0    0    0    0    0    0    0    0    0      0    0    0    0    0    0    0    0    0    0    0    0
      0    0    0    0    0    0    0    0    0    0    0    0      0    0    0    0    0    0    0    0    0    0    0    0
      0    0    0    0    0    0    0    0    0    0    0    0      0    0    0    0    0    0    0    0    0    0    0    0
  }
  {
      0    0    0    0    0    0    0    0    0    0    0    0      0    0    0    0    0    0    0    0    0    0    0    0
      0    0    0    0    0    0    0    0    0    0    0    0      0    0    0    0    0    0    0    0    0    0    0    0
      0    0    0    0    0    0    0    0    0    0    0    0      0    0    0    0    0    0    0    0    0    0    0    0
      0    0    0    0    0    0    0    0    0    0    0    0      0    0    0    0    0    0    0    0    0    0    0    0
      8    8    8    8    8    8    8    8    8    8    8    8      0    0    0    0    0    0    0    0    0    0    0    0
      6    6    6    6    6    6    6    6    6    6    6    6      0    0    0    0    0    0    0    0    0    0    0    0
      4    4    4    4    4    4    4    4    4    4    4    4      0    0    0    0    0    0    0    0    0    0    0    0
      2    2    2    2    2    2    2    2    2    2    2    2      0    0    0    0    0    0    0    0    0    0    0    0
      0    0    0    0    0    0    0    0    0    0    0    0      0    0    0    0    0    0    0    0    0    0    0    0
     -2   -2   -2   -2   -2   -2   -2   -2   -2   -2   -2   -2      0    0    0    0    0    0    0    0    0    0    0    0
     -2   -2   -2   -2   -2   -2   -2   -2   -2   -2   -2   -2      0    0    0    0    0    0    0    0    0    0    0    0
     -2   -2   -2   -2   -2   -2   -2   -2   -2   -2   -2   -2      0    0    0    0    0    0    0    0    0    0    0    0
  }
  {
      0    0    0    0    0    0    0    0    0    0    0    0      0    0    0    0    0    0    0    0    0    0    0    0
      0    0    0    0    0    0    0    0    0    0    0    0      0    0    0    0    0    0    0    0    0    0    0    0
      0    0    0    0    0    0    0    0    0    0    0    0      0    0    0    0    0    0    0    0    0    0    0    0
      0    0    0    0    0    0    0    0    0    0    0    0      0    0    0    0    0    0    0    0    0    0    0    0
      0    0    0    0    0    0    0    0    0    0    0    0      0    0    0    0    0    0    0    0    0    0    0    0
      0    0    0    0    0    0    0    0    0    0    0    0      0    0    0    0    0    0    0    0    0    0    0    0
      0    0    0    0    0    0    0    0    0    0    0    0      0    0    0    0    0    0    0    0    0    0    0    0
      0    0    0    0    0    0    0    0    0    0    0    0      0    0    0    0    0    0    0    0    0    0    0    0
      0    0    0    0    0    0    0    0    0    0    0    0      0    0    0    0    0    0    0    0    0    0    0    0
      0    0    0    0    0    0    0    0    0    0    0    0      0    0    0    0    0    0    0    0    0    0    0    0
      0    0    0    0    0    0    0    0    0    0    0    0      0    0    0    0    0    0    0    0    0    0    0    0
      0    0    0    0    0    0    0    0    0    0    0    0      0    0    0    0    0    0    0    0    0    0    0    0
  }
}
SM:{
  {
      0    0    0    0    0    0    0    0    0    0    0    0      0    0    0    0    0    0    0    0    0    0    0    0
      0    0    0    0    0    0    0    0    0    0    0    0      0    0    0    0    0    0    0    0    0    0    0    0
      0    0    0    0    0    0    0    0    0    0    0    0      0    0    0    0    0    0    0    0    0    0    0    0
      0    0    0    0    0    0    0    0    0    0    0    0      0    0    0    0    0    0    0    0    0    0    0    0
      0    0    0    0    0    0    0    0    0    0    0    0      0    0    0    0    0    0    0    0    0    0    0    0
      0    0    0    0    0    0    0    0    0    0    0    0      0    0    0    0    0    0    0    0    0    0    0    0
      0    0    0    0    0    0    0    0    0    0    0    0      0    0    0    0    0    0    0    0    0    0    0    0
      0    0    0    0    0    0    0    0    0    0    0    0      0    0    0    0    0    0    0    0    0    0    0    0
     40    0    0    0    0    0    0    0    0    0    0   40      0    0    0    0    0    0    0    0    0    0    0    0
    -20    0    0    0    0    0    0    0    0    0    0  -20      0    0    0    0    0    0    0    0    0    0    0    0
      0    0    0    0    0    0    0    0    0    0    0    0      0    0    0    0    0    0    0    0    0    0    0    0
      0    0    0    0    0    0    0    0    0    0    0    0      0    0    0    0    0    0    0    0    0    0    0    0
  }
  {
      0    0    0    0    0    0    0    0    0    0    0    0      0    0    0    0    0    0    0    0    0    0    0    0
      0    0    0    0    0    0    0    0    0    0    0    0      0    0    0    0    0    0    0    0    0    0    0    0
      0    0    0    0    0    0    0    0    0    0    0    0      0    0    0    0    0    0    0    0    0    0    0    0
      0    0    0    0    0    0    0    0    0    0    0    0      0    0    0    0    0    0    0    0    0    0    0    0
      0    0    0    0    0    0    0    0    0    0    0    0      0    0    0    0    0    0    0    0    0    0    0    0
      0    0    0    0    0    0    0    0    0    0    0    0      0    0    0    0    0    0    0    0    0    0    0    0
      0    0    0    0    0    0    0    0    0    0    0    0      0    0    0    0    0    0    0    0    0    0    0    0
      0    0    0    0    0    0    0    0    0    0    0    0      0    0    0    0    0    0    0    0    0    0    0    0
     15    0    0    0    0    0    0    0    0    0    0   15      0    0    0    0    0    0    0    0    0    0    0    0
    -10    0    0    0    0    0    0    0    0    0    0  -10      0    0    0    0    0    0    0    0    0    0    0    0
      0    0    0    0    0    0    0    0    0    0    0    0      0    0    0    0    0    0    0    0    0    0    0    0
      0    0    0    0    0    0    0    0    0    0    0    0      0    0    0    0    0    0    0    0    0    0    0    0
  }
  {
      0    0    0    0    0    0    0    0    0    0    0    0      0    0    0    0    0    0    0    0    0    0    0    0
      0    0    0    0    0    0    0    0    0    0    0    0      0    0    0    0    0    0    0    0    0    0    0    0
      0    0    0    0    0    0    0    0    0    0    0    0      0    0    0    0    0    0    0    0    0    0    0    0
      0    0    0    0    0    0    0    0    0    0    0    0      0    0    0    0    0    0    0    0    0    0    0    0
      0    0    0    0    0    0    0    0    0    0    0    0      0    0    0    0    0    0    0    0    0    0    0    0
      0    0    0    0    0    0    0    0    0    0    0    0      0    0    0    0    0    0    0    0    0    0    0    0
      0    0    0    0    0    0    0    0    0    0    0    0      0    0    0    0    0    0    0    0    0    0    0    0
      0    0    0    0    0    0    0    0    0    0    0    0      0    0    0    0    0    0    0    0    0    0    0    0
      0    0    0    0    0    0    0    0    0    0    0    0      0    0    0    0    0    0    0    0    0    0    0    0
      0    0    0    0    0    0    0    0    0    0    0    0      0    0    0    0    0    0    0    0    0    0    0    0
      0    0    0    0    0    0    0    0    0    0    0    0      0    0    0    0    0    0    0    0    0    0    0    0
      0    0    0    0    0    0    0    0    0    0    0    0      0    0    0    0    0    0    0    0    0    0    0    0
  }
}

